-5.97607109113 -2.55353952794
-5.38734256215 -2.47696382178
5.78173311542 6.05513306539
3.1837670379 -6.30133120737
8.74033072326 3.28212894002
9.3517345901 0.433742626959
8.68421704008 5.47249738016
2.66317680652 5.49858776468
0.448237220133 -0.70544622345
-0.560797910652 -0.632465365438
3.45144725669 -2.54190289709
9.50916252039 -2.47631881203
5.96610825383 -0.219979143396
-2.3942536345 0.704113453585
5.8130546706 0.409782149655
6.4801311585 5.62022515854
0.200766490409 -3.49898868128
-3.49082709226 0.236287153674
0.0969831554887 0.16035590324
8.96583153068 6.05795748656
-2.4662801621 6.56826006348
-2.47495527234 -3.57439661886
-6.67677970311 -2.90476394291
-6.32704176956 6.40158453446
8.41932410009 -2.66869044675
0.231855830637 -2.7018715939
5.30743471494 -2.8478049873
-5.92997007576 -6.08609278311
9.0112165243 -5.29689184868
-5.79950695112 6.68291988033
-0.417338609622 3.39449854091
6.21496763792 5.79084627487
-6.06120640492 3.16684485111
6.49425887152 -0.458137136086
-5.84294815283 -6.57063513412
-2.48980544912 3.61213465285
9.70490850536 3.32430417726
5.47543389764 -3.33049367954
-5.60033259973 5.70717939433
-0.13332537359 -0.540101736583
-3.27846823373 -5.45758078308
3.29277738086 -0.290193542591
3.17952007919 3.31953541901
-0.300588299445 3.01346691137
-2.77564789656 5.78313076383
-2.3304270378 -3.23147602649
-0.0590421914087 -2.52355504005
2.76282167081 5.80393448883
0.516143631126 6.04398295241
6.34396206697 6.2646367789
3.56980807411 3.54697189422
8.92491719226 -3.62051476391
8.58114427022 -5.82680417677
-3.57275570993 -2.90138930814
-6.20471971214 -2.52626499623
6.69309336269 -6.10875838427
-5.90183654229 -0.446173607085
2.31724134925 0.627982810339
8.83205967767 2.50521952788
2.80758931768 0.162657250615
-5.62012959181 -3.633544585
-5.77312305236 3.15890886249
8.53656749508 5.58061377377
5.55530608989 5.98063352389
5.45859470731 -5.50486833304
-6.27661210911 -0.278569533139
0.242526404093 -6.61736168736
-6.57617084554 -2.80988729642
-6.01257523361 2.63565904475
-3.56948427129 5.65003190982
6.13848666744 5.68623634559
-3.39851714382 -5.77146660367
9.03175244389 -2.44370462283
-5.61056201519 3.26421554332
-6.02365088074 -0.663903411043
8.61468864497 -6.13403709748
-5.69083819052 3.01300935137
2.52882531615 -0.251513204096
-0.367838243298 2.6196266391
-2.86274708059 -3.47171735605
-6.66718321842 -0.0515398651853
9.5683823607 -5.93183802831
0.101318890399 3.15098095028
-5.34117277256 3.02847790078
-3.3608392829 -2.46917979641
-6.05110915848 3.26068719875
-0.557174535315 5.71562395867
-3.10294098349 0.330197179088
6.42788877757 5.9494832511
-6.40708453643 0.295701429769
-0.370161851082 -0.658999773951
0.0641174759725 -5.5387710516
-6.61059829288 -3.34236782716
-3.6365653142 -3.65522749763
-2.89606272279 -6.33297777719
-3.18733917088 0.508492166832
8.42510998124 6.47103532581
-2.44935668171 -5.79578750622
9.6733735181 -0.438502426435
6.37452555786 -2.58535414421
-5.45042500482 2.96036749218
0.345162225456 -3.19612506199
6.5704393277 6.58067524011
-6.46569593989 -2.65834183626
6.06645733361 -0.376242150088
6.05616215236 -0.565394219081
8.62439340857 2.64349074239
5.66845110574 6.27701614923
-3.19943750656 5.43539259344
2.5608247938 5.69621260699
6.17351963095 -5.50615495221
0.63813711462 -2.65375833144
-2.51706662174 5.46139764633
-5.82109372293 -2.80435647844
-5.33219444243 5.57919343562
-0.610249052871 3.30686220713
-0.645733131418 0.342564899368
8.36605449004 -2.72298196429
3.4315017985 -6.0801577718
-3.34995235069 6.18239832093
0.273435558517 -2.57321445056
-3.21029237398 -2.407818858
6.53836800514 -5.89487618571
2.40831909439 6.59653709399
3.45104916789 2.29818853653
2.63588310337 3.18845006951
-5.82309374156 -0.40132522984
-3.52023151462 -5.63350325671
-3.4026068486 -3.67491175941
-2.5751698869 3.56495112982
9.2089701849 6.59446026524
-3.32372453441 2.62141402599
6.28428865422 -2.98448395631
0.0957238458469 5.3364864509
3.67759243075 6.28821943736
-3.53032128087 6.04417303536
-2.37028866203 -5.98421891028
3.09051574926 0.426154593331
9.41182236981 -5.78278654377
-3.10225597574 -6.49545405359
8.33771226048 -6.63925418204
2.74597421367 -5.73291193164
3.25614358092 -6.44629235908
-0.0467564343074 -6.10604608221
-5.4897501611 0.673907227144
-6.70704799077 -6.4419826051
2.38847728528 -5.8349676677
8.32029127307 2.90314400647
3.29193451536 -6.57501271501
-5.5058708131 -5.98877823061
3.46778462136 6.14548047147
-6.24699201142 5.95138145595
-5.34390186492 2.57056065576
-2.97616802137 -6.39138047933
0.576248072732 -5.7382922331
-0.405395703447 -6.0668751362
-0.282394482342 -0.658303696305
-6.42320701765 -0.671101428428
9.20444012507 3.68507333384
9.35423648722 -6.47566738981
-5.62579316957 -5.97308836133
-3.38692879497 0.550098380395
2.79482414488 -6.11190124604
2.72183430108 -6.52035227014
-6.47674060307 5.44818015407
-3.55410525519 3.21569866054
-5.71100809262 2.73922766
-5.8656669979 6.62249820064
9.68583616014 -2.64386868303
9.08874381615 -5.92190663325
8.4210964134 2.74471884603
-0.034072376641 6.5835875079
6.03981189354 -5.7477221699
9.00495608195 0.0674755112379
-5.60463826448 3.4774326723
-0.591072196245 6.5508555362
-2.98638854994 -5.86911661443
-3.29801677742 0.619758427128
-3.20659046614 0.396709334071
3.44069077735 0.407029715833
2.584143407 -6.27266106515
9.45658897192 0.70017290943
5.82791316712 -5.76666699023
-5.92369326973 3.25803630617
-5.83315103365 -6.66999480796
-6.28463243807 -6.44970521157
3.21230428237 0.631937970096
0.397079226303 2.87870394816
0.422184437603 5.32759540787
6.53611621023 6.27455995861
-2.52447068432 -0.661048442054
-2.42990290067 0.342742186993
-0.309421683628 3.01778993652
2.36852892899 -0.242159266353
-2.98125782301 3.70664613543
-6.25570645741 0.165870731749
-5.90448938734 6.56301810792
5.67328287071 -2.91151362511
5.33179423937 -3.36361726045
-6.33986422292 -5.36517933741
2.90016207992 -6.53163267734
6.52430183246 -2.29304171387
9.18927482253 6.47339010085
9.36858178505 5.96423737182
8.8667659426 -2.2937971399
5.37474493441 -6.51330529889
3.55781977856 -3.53376372853
0.192100778358 -6.26188448372
9.22044865521 3.06422350705
0.430016976175 -5.96685324301
0.0715162618151 -0.0130200343511
-6.6349528768 6.35632272305
-5.50353176632 6.30778148765
9.0865364101 2.41428793329
8.91851929758 0.200104827976
9.46630007472 -3.56635908387
0.0492442357041 5.8289091917
5.62507345651 -2.34350134323
-6.5503928333 0.270349389552
0.289968658904 2.63893739048
9.06470283205 0.610004634868
6.45353464685 3.67830715973
6.44037571626 -0.531730880624
0.246037553256 -2.43673241558
6.51172281169 -6.70205364952
-2.866001132 -3.4222429316
8.78147413205 2.50892388176
-0.0406539126872 -2.3542544783
-0.685829932418 5.78625054208
8.38253184467 0.311922401095
9.46129885198 -2.30158600983
-2.5469580147 -2.80492059246
-6.20062034705 3.06984137472
-0.404189641166 6.07691871587
-6.52853431027 6.43487029723
-2.55501782726 -0.423020133596
-2.55043747326 2.99619120503
2.82888781258 5.68032391056
3.22978222485 0.399259577512
-5.90601976645 2.90699125923
6.22415279845 -0.406576456911
3.62741290631 3.43689416684
-5.60972624925 -6.01312564689
5.36218252597 0.34977736108
6.17398221882 5.34313063499
-6.31006831905 0.266299662171
0.0625987324968 -0.332615261745
5.94165664047 5.48591700088
-2.92757360006 3.06994193769
-5.61397753221 0.115455067745
-2.68412217744 -2.89797422981
8.96343610724 0.0328657717694
-2.97032707771 5.44243032545
-0.177865310379 -6.50816571911
5.57005400657 0.306942852035
-6.43179399044 -3.41919536727
-2.92785973731 -3.02067441708
6.46747719114 5.72404370312
3.5370359432 -2.44386952441
9.47510601042 0.260498670549
5.85754213028 5.98506888303
-2.92976663269 -6.40483958914
0.492180603332 6.09306005223
-0.646413184258 5.86866203388
-2.42700282687 -2.9092698846
5.30067125413 5.62581460395
9.70238229266 -5.89208189726
6.13971160148 6.15687461672
-5.47705422902 5.95242557631
3.18941310815 -6.4558234753
2.82953110943 0.140255619383
-6.25540033976 5.43833305055
2.80169417527 5.45504951871
6.69532192058 -5.52303158993
9.36936536981 -6.27287872461
0.424224573687 -3.50192268617
-5.92487531026 -5.90843988144
3.2914658777 -3.01947736588
6.37492173842 2.66075698856
6.16291878262 -2.91164815504
5.96088728175 2.38094670787
3.49573239706 0.337987895774
2.65256835786 -3.00228349907
2.38048672168 -0.400134677604
0.322588698548 -0.135888593737
-5.96115894085 -3.56687557677
6.08407423475 0.488689361033
2.82069160352 0.630555026911
-3.2730004059 -3.0302914057
5.37241567246 0.344351735572
-2.39966904907 6.51989405036
-3.22641960511 -0.0642893281844
5.70724229112 0.386781835307
9.50867175116 -6.33846783366
-3.30724676857 6.02887021199
-0.39245201593 0.176640434801
2.69331897348 6.63709833969
5.53312953763 -0.689575244299
-5.79743880021 0.685954520811
3.00688181718 6.22015616937
6.17259173881 -6.57194117489
2.74561560931 0.370704573046
-2.57779417533 0.457881629921
-3.20317272718 -3.18953162381
-6.70396281203 -3.62659783725
2.52424880852 -0.443595553668
-5.80702456601 3.08150137613
-5.92748981975 5.35867051411
2.86864502209 2.8010384213
-0.424244653735 0.196657020728
-6.52089009977 5.94361040283
9.18336443769 2.5498778508
3.37309832144 -6.45295289778
0.587364645393 6.41704867576
-6.48298129945 0.223117591496
-0.68217869139 3.25353448097
8.84491009032 6.68593834386
-3.51619145414 -3.68664036174
-5.49546071984 -0.581745457024
2.93902668327 5.81196561097
9.29779528907 5.85689140283
2.70704964852 2.76035047213
-0.256245481996 -3.01202671167
-2.89148819492 2.8986351542
5.39182292517 5.93116688081
-3.37812773354 2.4865829641
-3.19007379378 -5.66741447204
-3.47378031808 2.93077141085
6.13781996982 0.416632923162
-3.54178239386 6.00880570741
-2.51615219252 6.01120090994
-2.78994364077 -0.339294593014
9.02678581882 -5.59597286021
-0.0813946977009 -6.09613742273
-3.2385483076 5.70441259924
-6.02875180463 3.70194390588
-2.52501357753 -5.78329088213
3.4315490881 3.40258731768
2.7906956499 -3.07365393442
0.504395995068 -6.54756601321
0.0641303367596 3.34825716351
2.3773909715 0.581489473489
-6.6664592872 5.54301577273
-3.11156262262 -0.67714117475
-5.31365839075 -3.49121279394
-2.85727849589 -2.47560304784
-5.471159741 -3.32817828182
-5.30094958223 -5.46260027308
-0.615082812874 3.13109234885
0.539543051844 3.54734601793
6.46791703106 -3.23479062385
6.48393785678 6.27513963826
8.45999663882 5.55838239547
-3.53705902837 -3.65188915319
8.39086347548 5.97531471566
2.72939399959 6.50194817447
8.81876141707 3.03214896249
-5.82642478285 -0.537906364912
-3.61156790501 0.0115215866062
0.363231576579 -5.42309892868
-5.62391848556 -2.8893632518
-0.505327029857 0.441614726557
6.49857051493 -5.70336274819
-2.67591453342 3.46434149989
-3.54119571463 6.52811233447
2.46042912957 -3.68938544227
8.57442045342 2.54356880862
9.28208127947 0.278820298638
-6.4058954254 -2.55679378914
2.41719197368 -0.140143687187
-5.50508008637 -5.61397989116
5.69286002112 6.05495286675
-0.267727298362 -0.142588011956
2.81171735977 6.38786217178
-2.86512614954 2.50003415597
-5.8886843085 -3.07897937596
0.621562593883 -2.97449560221
9.11388774449 -2.4451033053
-5.40624034156 0.174425217241
8.32377030731 -6.51607250005
8.44423785511 -0.591309005384
-5.82820589343 -6.64118854889
3.62464637607 2.72123834976
-5.86430352487 3.34459813248
0.571235373746 3.4159251353
-6.32172621717 5.312743109
9.50812068686 -2.83955963744
0.361512411714 6.54791442811
3.47641239688 -2.44697575977
9.65985103963 2.65865213333
-0.5313067246 0.671589314374
6.35257549732 -6.11776603521
-0.378125017087 5.6020102874
-5.80089700123 -6.65557378001
-6.43129356075 -2.60016361079
-2.50556708216 0.381552254932
-3.45222498987 5.8833417894
2.4307555433 -0.433434478094
-6.00438275405 -3.42230861734
2.35966543932 6.65271212967
-6.05167246813 6.39977488386
-6.49648250659 -3.25179694251
9.03364193092 2.83964037281
8.77112663497 2.55439356112
-3.50386925357 6.68238934724
3.16449241974 3.5638690744
0.11509750793 0.22270734861
-5.29499354735 2.75873764493
-3.04571302342 -0.283882799221
-3.42537474187 2.37521515008
3.44543941406 6.34385945583
-3.37287979547 0.380329371838
2.4014667397 5.6798810934
9.21684122244 -0.157782796846
-0.280519240652 5.35809499971
6.35490162131 3.44996448263
5.51024164928 3.58804143773
9.18490174308 5.9686489585
3.17847431345 3.42652210872
8.9087299878 -5.57270327894
-6.54305935875 2.97822869423
3.5126504354 -2.47711028252
5.64132683399 2.79970966265
8.58032615795 5.5787221674
-6.3215013874 -6.08977776111
9.69254989782 -5.63914862339
-5.4206756108 -5.33897573312
5.57520522041 2.38083963891
0.487741756586 -2.63207321528
5.47035747438 -0.621849542033
3.59487251969 3.56890630043
3.34480421416 -3.17674654746
-5.9433040717 -6.4910947378
9.26278925853 3.11065570102
-6.3414782209 -6.61375706816
-0.165639558483 -2.66157431526
2.48994904307 -3.65506350449
2.66613237222 6.17443243248
-6.65622712686 -0.452774809977
8.61484360375 -0.338250513911
-5.40140162574 -5.37577310508
8.61755043147 -6.49615127964
8.32159935124 2.85834420178
9.64869188816 -5.58916239016
2.34934813566 3.27085446556
8.29981353204 2.63914075124
3.27374348421 -3.21647571232
-5.34620652647 3.23481599838
3.0867322987 0.510053185021
8.30248604474 0.205940699975
3.49776375224 0.344087558268
5.70370874679 -2.8948920782
3.22939611744 6.67626123818
9.37777626782 -2.97126687924
-0.277741581448 -2.74248803895
-5.7392503498 -2.83852652948
-2.60990215737 -2.94379990267
-5.3367936656 6.15972371491
-6.42288705103 0.0064619291625
2.36133481196 -3.00924484421
-5.80471549106 -3.09258134507
-6.38629791054 3.05488523348
8.9612669152 5.41333735042
-5.73168548897 5.66731869528
-2.9107190826 -5.75191781191
8.50544653737 -2.9230440098
-2.47990432728 6.46591504937
-3.41418674139 -2.32048972571
3.46080011068 -2.56213597275
-3.3838114994 -5.5886917763
-6.0979767267 3.32585238798
8.8168408843 0.120501898095
-2.66696351699 5.43145345571
9.02953083951 -6.27875152664
9.0306148475 -0.138555389434
5.62545778026 2.68037471805
-3.41733344753 -6.59044423043
-3.16309851882 -0.353871810495
3.3108552069 6.51439312876
9.01879906704 6.2251348086
5.45731543552 5.91558798209
5.90479403666 -2.9363123086
-0.675737682526 5.57207170079
5.32626471889 -5.41215531954
9.22275136194 -0.529363532942
3.29499333707 -3.08554250589
8.5611375419 -2.98717789734
3.40619666886 -0.55508649292
9.48155248459 6.08834645357
-5.9226830552 5.67868211915
3.35045623891 0.510261041955
-3.33621007585 -3.58987028661
-0.317975150876 0.480132471477
-3.59029421802 -3.1671710402
3.59652329406 3.27452920959
-0.56134448186 -0.420872089435
-3.68199148769 2.4892238796
3.27641003243 -3.48052669083
-2.7209712511 3.69044880637
0.27494248626 6.54005321621
6.46150470287 2.47781415958
-5.56285623652 2.80134396186
5.36464727304 -2.97212810382
3.13344761996 5.81524332242
-6.27635757689 -0.25834598021
8.97722261018 0.367578106542
0.237221351803 6.42704897328
0.390838363939 -2.45094221131
-2.78135493816 -2.56217006631
-6.26495185893 6.60710094654
5.71203296938 6.4045205893
2.53485487711 0.633517870222
-3.6469791193 3.46284011852
2.64838223729 2.79841088443
-3.17211467848 5.56117692977
0.543624310177 2.87450794407
2.2974652006 3.54195964131
-0.463237536074 3.58322382591
5.32690160159 -6.2307036047
-5.53816954198 0.0147543067682
2.4359193387 -5.39786538573
9.31499761861 3.28838968215
-2.73373057442 -2.84049442168
0.217525978551 6.38162532199
-3.50153472681 -6.56748823733
9.45534188503 -6.27129035145
-2.43119842681 3.11436420419
2.4890362569 -5.50137466622
8.30902203844 2.69354018509
5.90205484046 -5.93045927645
-5.74644718292 0.318356643834
9.30785280306 -6.35426841374
-5.65083042436 -6.0420465125
-2.71584991077 -6.67560761096
6.19664999963 3.06613608955
-0.601575916329 2.63055951598
8.33533685886 -2.72584279554
-3.22658558162 0.29061202622
3.00710091008 -5.47832325522
5.50498975955 -0.133275774624
0.522913970284 -3.64191341579
2.64498344886 0.233417150458
-2.72342573595 6.45809891847
-0.381230092281 0.660059706322
-3.60817037031 -3.00441973072
-0.46409043664 -0.375043149289
-6.32000816581 2.74911330911
-0.644676160069 -0.384809027721
8.91837609266 3.38059549241
8.90174040561 2.64580319169
6.10470734317 5.74357915318
-3.26305835619 5.44907105559
8.37685110406 5.94164422897
-0.26096891283 5.88349152702
2.8551640014 3.06528914853
3.37364983002 -2.46072724272
2.53892165959 -6.70222852932
2.44600003849 2.97790503365
-0.125001236026 -3.25700309892
-0.435454276755 2.44270122236
3.31974263942 -0.113748920299
-5.86052450149 -0.16791336948
5.38300401398 -3.65811540946
-6.02616692164 3.12243061388
2.38156921605 6.53394180581
2.65050120964 5.81852392951
-0.177468980679 5.48186963999
-0.621102902354 -0.213766235058
-2.89627812913 -6.44457885623
5.95224141616 -6.46359729313
6.34151651451 5.55470264354
3.70113716476 -0.085347264402
6.20933054894 0.474816999428
-5.69347044138 -5.38781042539
-5.83808112315 3.1911657806
-6.19992006973 0.0843845117537
-5.38451425026 -5.41943974988
6.35347270604 6.5714935511
-2.73708003446 -3.56615028017
6.34191483556 0.13424825553
-0.42941415645 -5.8069557415
5.35626328707 5.77207247138
2.98133928506 3.04803228152
6.694307354 -3.53508114204
-2.47567857117 -0.410918812259
9.19759805092 3.50472587316
8.66179962888 -5.7600109778
-6.43030489511 -3.67762558619
2.99215324348 5.56879055752
2.881444357 -5.80117509066
-0.591892399607 6.06240374683
6.49430134909 -6.43089786875
3.40058287469 6.33764266428
2.37224339915 -0.393454688143
-6.34529323596 6.67597871975
-0.140956125323 2.3048740375
5.60948094061 2.37549358091
-2.68901319828 -3.18773981796
9.61260892834 6.01782656175
2.753525593 0.461413693763
2.89687706095 -0.680945743146
5.7273928791 -6.00826428702
-6.14509478453 2.43008812192
-0.508262283366 -2.63097812252
-5.99966012671 -3.00075805899
-3.25483486126 -2.72797541527
9.09957925064 -2.40035112744
8.59570874865 -5.57660368937
9.56949158881 -6.51382161394
6.42762090343 -0.316611266276
9.59416050312 -0.565487328319
9.27805593797 0.0928979783671
9.66871418631 -5.79263613684
3.20726174319 -0.315973818813
-0.502007163202 3.61706849867
2.80623297684 0.0740727107421
3.2523741596 -6.60912561455
0.688012786005 5.93512658101
3.07128400056 5.34398836777
5.69853402398 3.36777311961
3.52125630756 0.0633891248909
-6.56204070612 -5.78225826941
9.50778466667 3.63524134299
2.53356861526 -5.47527296597
-6.34198533357 2.99365073054
5.46113344319 2.73576834334
-5.6840909306 2.86034270157
5.37794739961 -0.391874601151
-0.0521052170603 -5.90150455274
8.81154822508 3.3019614759
-2.77357814791 5.90440336715
-5.83378537639 5.62063710197
3.06783559522 5.82328013394
3.0363803275 -6.45690002661
9.70560891295 -5.4024906091
5.65769715409 -3.15188777682
5.48885480246 5.4371517876
-6.28911686279 6.61850554489
2.70183782 -3.24953395957
-3.57548648513 -0.639103637129
8.36009932039 2.52722657532
-5.68275912106 -3.57032882837
-3.24250796957 6.63067493519
5.51341480045 -2.42715731956
5.72540910899 3.09007014684
-2.37063712425 5.92002466953
2.36252551739 -0.660776456624
5.35764029106 5.9595853156
2.41740087309 -6.45716222351
0.694159311209 -5.74536436568
-0.223488196678 -0.420143907455
-2.68343809562 0.68034633186
6.17953055974 -6.53952717343
-2.34122508137 -3.30126092492
-2.64509891758 6.43511174476
-2.36880828109 2.34368665647
-6.17272723257 -2.70282534392
5.40414586792 -3.07719717522
-5.3629117548 6.08959295106
-6.1255822392 -5.50611240654
8.36879339312 2.77191429895
-6.42811166192 6.23828447949
-0.502865636576 3.36201921617
5.50604828341 -3.22153044614
-0.157629650607 2.88540654755
-6.34322290885 -5.42727435713
3.4845986002 -0.424367711877
-5.56318298252 -2.51220030557
6.37145441772 5.3641504022
-6.0745952525 -0.109066394123
8.61523871367 5.83122639868
9.47888176144 -5.99965861657
2.43543715116 6.12670142854
6.4952646767 -6.52688515426
6.5742760788 -2.39816068026
5.89713613455 3.37710771702
3.58591245923 6.3304297925
8.89858888203 6.29418416884
-6.45202144111 -0.296613766436
-3.22366553878 0.531574145584
-6.62866972226 -6.31703584596
-3.18197144496 3.49861488024
3.08393857076 2.96955201495
2.88972838751 3.38494002178
5.33542185364 3.36074946796
9.08563311302 0.0016927468992
-3.25156933231 6.50179090854
0.0841603410578 -5.98943191213
3.29453825414 3.60240706732
2.7730347317 6.39471289632
8.55400407642 -5.93344172949
-2.3904199436 2.49288086946
-0.125235130767 5.74791024166
9.14250714189 3.55131815684
-0.438417576244 5.30378884843
2.72614759109 -5.30801667995
-5.452216274 -0.42196660842
5.85038636663 -6.15953632401
0.0253305285131 -0.568626662103
2.49202680534 6.00967389185
-5.9372310239 2.84200597142
-3.42331783362 3.14500759507
-2.73792226419 3.60440949098
-3.47543307686 3.46599405659
5.61518255399 2.34589630361
-6.09156125567 2.66527738439
2.986327751 3.11899139916
-2.87990344324 -6.29078676348
6.04861969316 3.70253981785
0.342557892274 3.36708645224
-0.453524949611 -0.587524248675
-5.35825968158 -6.14934927655
9.4634276677 -6.18737789029
9.66950206879 2.37705458411
-2.44716155689 -3.39703949375
6.38143413536 0.517224039389
-5.87587489049 -6.53476306467
-3.35145913865 -0.335833393931
6.57768523975 -0.280159449237
2.91595674105 0.542988758257
8.46184288019 -0.594062579091
5.52873463094 -6.50591383021
3.52321258327 -3.38877641461
-0.554654747563 0.478480134609
9.33431469502 3.00703684031
-3.42498136048 -5.44626685919
2.38605688156 6.46296819539
8.82703094607 -2.3989950714
-3.20017818391 2.375248584
-0.228813064726 -5.35892362941
6.43453529252 6.55014177876
8.35827264233 -5.93154313018
2.49684778911 -2.82028319585
-5.78520188725 -5.60985608131
-2.35109492338 -2.66354117145
-6.57156498727 -3.59340442413
3.64954326993 -6.31466289877
-3.64201156419 0.247177296674
-0.323891164928 -6.39721254387
3.15400095819 -5.68293789824
-0.455082277256 -3.44865991487
-5.40283236182 6.28535529825
-0.192091162979 6.04779429143
-0.547618240584 6.55623150193
3.27700435945 0.542154282467
-5.72635991878 -3.36614181093
-5.50274512292 2.67015523338
-5.57300400939 6.13603469137
3.26071301523 -6.44263948668
5.43295546245 3.1603166513
6.10016855338 2.38746958861
3.26407472081 -3.42844183749
6.05820367754 -3.43779692582
0.504785825047 -0.352134705289
-6.47226583236 -3.5745470886
5.46671162509 -3.64981595455
-5.8165786805 6.1732395889
-3.54366197433 6.03439067459
-5.37484736817 -5.82491014916
-0.365631103345 2.85635620052
3.54264810967 -2.48321173726
-2.42052314874 -3.69105644973
0.549207875621 -6.19029083641
9.38245163387 -2.72795942021
8.4134345065 -0.64681351996
5.81077168798 -0.695896395828
5.8041079286 -6.47967935839
9.6990290162 -5.94976069723
5.98265774644 -6.64457331628
5.50744534475 -5.69257453008
6.47484647793 -3.2078262962
9.16931674748 0.591227769316
8.41789348515 -6.26488338811
8.91415199889 -6.39467637042
2.75133833409 -2.45025170485
3.14269148745 3.44055062094
6.17405035638 -2.65210512887
5.62507135681 -2.81289656365
-0.548518816222 2.88219464504
-6.31334413928 -0.394679794194
6.52524909301 -5.56970404329
3.53205752309 -3.28147028633
-6.46655318055 6.34471675894
-0.0473232837087 -6.64434922925
5.82251851173 3.52686446797
-0.385474471787 2.83265897331
9.41197689137 6.47731701479
9.18075026801 2.75296222553
-2.44916637694 -2.37665021931
9.64388748291 -5.94835310118
5.94120541744 -5.50117248986
9.38457575088 6.55914560455
-5.96216464551 2.82180714161
2.52720304642 -0.271780303349
-0.393196660225 5.75377823481
-0.151708065531 -6.26353281591
9.69397472486 -5.56843091557
0.269749734652 -0.270204364264
-3.35703268037 5.37739426166
-2.83705013933 -0.199557763187
-0.0330637784957 5.45420361917
-6.52182227645 -0.0228235566139
6.39693692512 0.0747656478925
3.66436736914 -6.67448623775
-6.23350030858 6.48370832792
-0.674602614841 -2.84511223374
2.73804889084 6.65805365509
-0.644884621808 -5.81762343876
-6.32852445506 6.3451882973
-3.28952166909 -6.38350953284
0.279491875218 -2.57112771778
5.38998690403 3.59271747302
-0.489107574391 -6.22207840499
5.81653661468 -0.496141552345
-6.51679896358 -5.38628333225
5.47579210984 -0.687569385041
-0.567781315792 -6.56302388685
8.5795598559 -6.0074386282
3.60497145915 -0.655787719458
-3.67843182373 2.80068398476
9.61688926282 -2.66911549292
3.67316995615 -2.49992513168
-0.208987464528 5.44420600756
-6.08998111698 -5.32465427175
0.248444798246 -0.170793761394
-6.24788150483 3.21541803447
8.67333413116 5.52439715897
-0.201422481476 3.1625545814
2.40356091967 6.43782089836
0.698935949445 -6.3026272338
3.64309675228 3.33950890883
5.73504895791 5.37947422735
3.38669635552 -5.51136094762
9.50838911802 6.69649964674
6.29185989121 5.82434367056
5.46104167977 5.77918230571
9.25205525481 -6.53123961006
2.909762157 -3.58881821357
8.68655285097 2.96726970825
-5.83373802654 -0.163865359431
9.36611857266 -0.000316567508545
-6.39288979428 -0.620893354448
0.399654024426 3.2268250035
-3.29736979743 -5.75512995977
6.51161307588 5.76222653956
-3.4179773506 -2.56221992186
-3.14668462226 -5.53117262741
9.36593683999 3.62618677436
-6.60093560359 -3.58868018827
-3.53432731055 2.75597027113
5.60443066063 -5.78917688588
6.06378518799 -5.72961893768
-3.68121585427 -5.58849832263
9.55068199963 5.35025748616
5.36130927862 -2.78265493505
3.67392348477 5.48107375508
-6.46431758338 -2.39633792074
-6.41425194433 -0.557941676482
-5.66731820921 -3.14339646839
-0.159782483431 -5.66510943714
9.52794749268 3.48033445139
9.51390787978 -5.43687556991
8.62555735921 6.42860209769
-2.70924584635 2.95961505167
-5.8310769058 -2.8350689313
5.33999785661 0.495516514395
8.81572301197 -0.478793828455
9.34951839743 0.284709960959
2.39679899001 3.23574977988
-5.546043686 5.50929414127
0.105730650566 -3.02540960497
6.16478474108 3.6820329205
3.08167123323 3.12390510337
-0.289919254215 -3.11054544304
-5.57540802783 5.86026924853
-5.78000112445 3.18255709741
2.41586938535 3.53071864251
-5.77053052333 6.48718502902
3.36618997196 -6.60828790713
2.59398404554 3.61937131857
9.52200241512 -0.59377722968
6.5825487294 -6.51921899155
9.07499252855 -0.241913551099
2.85225335742 -3.40601649252
2.4499720527 2.98148832817
-6.32896390844 3.51909765995
5.98205350363 6.3781375052
-5.75142644854 6.70676274431
0.645920444481 0.0509908603024
2.39474782277 -2.6271939607
-0.501638663586 3.21065108254
-2.36122193255 -2.82911444359
6.10992124226 -5.63710566569
9.61674146039 6.70052863011
-0.119145142116 -5.54807622609
5.57994467561 0.574238173616
-2.77359001514 0.666850550851
-0.291863556459 2.78089834404
-3.29064676902 -2.77086035799
-3.08052884938 5.62492556297
-0.170590573705 -5.91738901104
2.73325938817 -2.42963754065
6.16851866173 0.248814785193
-6.15094629988 -6.45438261447
-3.52178241805 6.02000651905
2.49515017233 -5.53006545981
2.93679536651 -3.33341861739
-5.69297588446 -5.41964641509
-2.4387044588 -5.45660815065
2.79000080658 -6.00993953942
-2.97289313401 -5.73278155488
3.22813740996 2.63227013671
2.31030367713 -5.9120306822
-2.33453984772 5.51552012943
-6.66117076609 -3.56092754627
2.32793013598 2.56243549982
-3.58639642087 3.30663727141
0.62513396949 3.53458974313
-2.92318890904 6.32039610882
0.25917937045 0.339968796926
-6.21514620956 5.59903545165
0.109389556001 -0.102359194962
-0.647931423422 6.46103724097
-3.01556345671 2.66018108139
-5.45061359624 3.13539785838
-6.19784940385 -5.4686099346
6.02085491771 5.43654168288
6.58202926695 2.55164328884
9.6430227308 3.40792023349
2.87490222354 -6.50476430649
-6.49901575896 -2.7543042147
-5.89881396742 -2.83281026836
9.69822184332 6.38787962678
2.55945197655 -6.09738704665
2.70716517356 -0.176207696372
-0.300197222138 -6.21014310159
-3.02614292693 -5.73388827122
-2.97668480274 0.618185599983
0.279450735731 -3.63765515645
0.276385169766 -3.3745678769
8.40811346619 2.56618327403
-2.75783107841 -6.08513202389
-0.522981031722 3.29183514755
-0.704926333214 3.13610723145
-5.90831966254 5.75956484252
3.25696651752 2.53743045183
9.12167885746 -5.90204153302
-2.92058508288 3.46901640984
8.69921097577 -5.78619278231
-5.80610693755 2.61266795574
9.448775407 -0.112513669829
2.9794991629 -5.43616766906
-3.38962035157 -6.22153377237
-0.00449297299658 0.0217342408766
5.33838055937 6.49941088798
-5.72882750268 -0.396216798179
-2.34074898257 -3.04935092193
5.89269553573 -2.98136063068
-5.32707638723 3.27578329575
0.0197948724593 3.69342557079
-5.68885435476 6.49947488401
6.08736484103 0.559284826032
6.54597422234 6.4008171542
0.498916121172 3.04589120168
-3.31885153387 -5.71915660722
-6.47779200257 2.5885560297
-3.00496195257 -2.99357483082
9.00288943938 5.98052651107
-3.23554788542 0.337087425398
0.568013168799 -0.304949169736
5.5351470278 -2.42525010937
-2.83433017902 0.652519331752
-0.449747002149 -6.43283803819
2.54263516857 -3.42466016615
2.81440802591 6.41523099503
9.65201098631 -0.235048701061
-5.85373771129 -3.21763061756
-3.58319198771 2.33812365328
-5.4572601389 6.04381186189
8.97608788404 -5.37952254704
-0.685878809513 -3.37861945612
-5.90163700536 -5.96798464587
3.61734295671 -3.26858519506
-6.4262543903 -2.35245637278
9.47311161388 -5.64409367204
-6.12288654088 3.52606460937
-0.150434102749 -2.71369588549
2.84883818276 6.15665845565
6.68592828321 -3.60145435731
-3.27389442752 -2.4310152249
6.13485408728 -5.99758108617
-3.68613611572 3.35884135768
9.65703229324 -5.48271686128
2.38592879549 5.58640355863
-6.61732930923 -2.41496630583
-5.79247885429 5.80344680824
3.12341631916 5.52480049852
3.66694069043 -2.75441608281
3.14501746008 -6.17164851198
3.15029482138 -2.98024132507
