1 3.94722753619 5.51889850701
0 3.63305652136 0.506407866814
0 4.74724956329 1.55226058247
1 2.18503557175 7.32099025103
1 6.0815577861 8.88479028622
0 9.51649915817 7.05629966407
1 5.46365798004 7.14699115733
0 4.81588800782 0.641719711804
0 1.49833810504 2.46608105275
0 3.71891311964 4.16135276089
1 2.10233365746 5.2200365345
0 4.74218844252 0.864655009318
0 7.40618684259 1.91289299314
1 1.8414468876 4.23506116381
1 3.77584391057 8.88161084997
1 1.1366195933 5.95628945329
0 5.90221603116 5.78855460384
0 6.66489704806 4.21137397344
0 5.81074895507 4.30206001448
0 9.56088322515 7.13456716556
0 3.87953663218 3.74169856164
0 4.24840312181 5.08392763745
0 9.74753316819 7.43423622298
0 8.58263877297 2.19143500007
0 5.16868462578 0.507977720547
0 6.38380530546 2.54987251451
1 2.4222599398 6.61202043674
1 4.78228364449 8.38434230184
1 5.02864089153 8.44964710108
0 5.97399026783 2.51882159659
1 4.32248886283 7.22047981888
1 2.80938335059 8.00409809
0 8.25329107577 2.11407213225
1 1.87167199579 3.98727323369
1 3.61653689666 9.80521270209
0 8.63152703013 4.73471591785
0 7.76970815889 0.277571397455
0 9.02247291638 2.90778576852
0 6.72602014169 7.34746235906
0 4.83877530538 0.516798360007
0 3.31510083987 0.401869897192
1 2.99695886867 8.77621449238
0 8.61679086523 6.47097244259
0 7.64327401704 6.92475446273
1 3.15997363806 4.64475036985
1 1.59194115383 9.33559695703
1 1.1659796652 7.97799982395
0 4.17211436359 0.743421799625
0 5.52176386506 3.24301788815
0 6.19092077321 0.241745140007
1 2.26463014099 4.13813645377
1 0.276471833328 1.78599471821
0 9.45512610341 4.77612523928
0 2.90948588204 3.38048391525
0 1.29512442511 0.769975203344
0 7.34672412127 0.120151588146
0 5.93398588253 4.59447238352
0 3.49682004056 2.20340353813
1 4.95368389911 8.7013024511
0 9.88858826469 1.93953655304
0 2.8196475846 1.68099811149
0 9.72648428544 9.02554646608
0 5.24194397161 4.10658238088
0 9.46242854024 2.40106006746
0 5.42607583667 0.409601312527
0 3.87792022434 0.780458182711
0 8.57085584574 8.50620236602
1 4.72228890289 8.53406646152
0 4.64785704665 1.20744835987
0 9.26984294149 9.07269832586
0 9.62337652104 7.19981964749
0 3.94784474938 0.610190762461
1 4.14051200321 6.2736637487
0 3.32165382785 2.58064192898
1 0.778569908249 6.01649001309
0 6.80470293354 4.87436858415
0 6.31551181947 1.7196197215
1 3.21365120113 4.86725745159
0 7.4688877792 4.4031744103
0 5.8692964634 2.98822942245
0 5.24471911253 0.0979876548265
0 8.98460782681 6.54747408324
0 2.04025164223 2.42356587805
0 9.11147396647 0.116784040931
0 2.1945394443 2.38151992658
1 1.69090411174 5.82897820738
0 5.1589611519 1.91814473706
0 5.92511890329 3.93504995041
1 0.705104413087 7.88503280663
0 2.96173720004 1.1016704416
0 8.05307462514 6.50180469628
0 8.99197575504 3.02184612494
0 8.80981492896 1.00318117721
0 8.06080828823 6.48191738783
0 6.75834600933 4.82428801488
1 0.412845930476 7.55680996436
0 7.64662464887 2.16464441884
1 4.48114172816 9.45245070187
0 9.64112979141 7.13174287988
0 7.48446638153 0.546010478946
