2.68755717214 -0.441349698017
3.4797891443 0.0077950406928
3.28725367466 0.281346804473
3.57276978181 3.09702152148
-0.668717874355 3.29222075104
3.33570771795 -0.547724462827
3.3812321762 3.42339374755
0.706518027313 3.67793740053
3.4335485821 3.17782470726
-0.205096062685 -0.619437060729
0.346305329516 3.05160017331
2.88260882543 -0.675421296032
-0.573908611124 0.557327554645
-0.248753393476 2.3810294547
0.437115619377 0.437002464935
3.01109269346 3.19822455492
3.19655297875 0.402186568312
-0.325188131216 -0.393077755036
3.58360976035 2.89142046715
-0.0625665024143 2.44997672676
2.72720181166 2.90422530228
2.65958997989 2.82150745089
2.67617777061 3.33356406466
2.76107549797 -0.326899773465
2.38052208226 -0.0354892708785
0.119985802036 -0.628329043157
0.145924279224 2.53839839743
-0.534869769285 3.06771763956
-0.143064650766 0.432813551648
0.0578192788248 0.171121549878
3.49716702956 3.50495899658
0.526622651589 0.650322102075
-0.387882991654 3.43084999732
2.33303578796 0.511712513671
-0.117443975188 -0.254118877056
0.268103869797 -0.464790930256
-0.188226458444 3.19437240403
-0.195018938494 2.62326879937
0.63149993821 2.58670257932
3.58481445262 -0.300163108618
-0.524015725083 -0.37794842614
0.118179470405 3.19247435882
-0.194607616593 3.65292529662
2.80719507817 2.63951215244
2.83680871553 2.36218760233
-0.238518429821 2.42044613773
-0.564918668132 -0.341038816696
-0.127408621954 2.29981471257
0.581768014694 3.16565894692
3.57565583896 0.275183730177
0.242655294278 0.386766756143
-0.320302690614 0.648288554646
2.90673817359 -0.255411252681
2.97014996375 -0.545118138912
3.61672035416 0.490203571258
3.11677317386 2.35422618172
2.66931707015 0.444773797606
3.32019236596 0.54866562564
2.88473646719 0.27158703438
3.33080538368 -0.648198068627
0.163225967293 2.40754086297
3.08355278446 0.676105767801
-0.411573515786 -0.116295063419
-0.122229157948 2.78712903195
-0.322332526934 -0.404577742904
2.6705559997 -0.103977893078
0.0854464117879 -0.575867186965
3.598321198 3.48564775659
-0.487455417531 0.667102888148
-0.298123758559 -0.0946741031132
0.256718088191 2.89987499415
0.441591351314 -0.409643200346
2.79097123893 2.42562101352
2.56486792951 0.225937784956
3.21283386005 3.68872484014
0.558414225696 0.12462877247
3.41534346499 2.96927626707
2.89710598307 2.72170275037
-0.292201321438 -0.502588134898
-0.222280238253 3.00840512232
-0.00684180614848 -0.0296938427654
2.96463261269 3.23927406008
3.34866347478 3.34126895344
3.05006155142 2.49228546931
-0.627093743277 0.426857178711
3.22087573793 2.62830051848
0.470567236842 -0.565154407417
2.50100593491 0.456242369272
-0.635301970456 0.666153203932
-0.552314286694 0.589497777048
2.6239900294 3.44619028121
-0.536757442855 2.72133223981
2.98765901894 2.46600737723
2.95810268815 0.172655056088
0.512352329808 0.0265704922938
2.71804446796 0.540644967877
0.414411824472 3.64522246907
0.534256448896 2.71734663735
3.4719261856 3.67301158706
-0.634878427424 -0.145679077914
0.457492538591 3.56762204656
0.118782028407 0.695637179755
0.212171760882 3.61281085361
0.234252389151 3.47263628089
0.140242351675 2.58916675918
2.69859110478 3.26886852853
0.567626386097 2.86970868208
3.39697400225 2.94970481564
-0.465255950495 -0.307766369171
-0.0253325386689 0.431104334206
0.143545717916 0.484254750673
2.83627309053 -0.484233392495
3.22550654408 2.34527040742
2.96021256759 0.231896779619
3.12794474853 -0.642798904096
3.56401634476 3.40352307112
2.73258184419 0.421136337364
2.49585196465 2.94301028664
-0.449021185856 3.64187409152
-0.62138500262 0.473999098522
0.0577225395944 3.143399741
0.372823484429 3.23651557065
3.41401907376 3.08742944212
-0.314093149506 -0.523327565419
0.246818858396 3.41890019578
-0.519472411542 -0.608640349349
-0.640677736599 2.57010381352
-0.12998477832 3.34793238602
3.25117686827 0.514215715798
3.22267712054 2.88434771342
3.06186963168 0.513790399851
3.68904306943 0.698613247537
2.47866333875 -0.166334305076
-0.130671250827 3.42529357022
3.06614404951 -0.146367863177
3.02008132664 2.83023740836
0.273048992965 0.213458936611
2.81804927193 3.48599074038
0.386133484361 2.82783205295
-0.583897288174 0.468891980387
0.439274264866 -0.324231398059
-0.617088841295 3.68353790834
3.20793330722 3.39995396641
2.3519533835 0.696116135292
0.381124035537 -0.349917815927
2.5053400305 0.0832787230366
0.285262885541 2.7930746313
3.40501827776 2.74255362864
-0.115948223119 2.43439707656
2.55390894182 2.87036965582
-0.657678824436 2.61182134192
2.79054058312 2.72207084531
-0.569597316536 0.549832117757
3.32886072169 2.70540452091
-0.634943317754 0.358542763367
3.40447070079 2.51381725568
-0.454566074644 0.534788314123
-0.484729661922 0.332300455591
2.65371944737 3.02764461888
-0.0568504644676 3.17246322218
0.171199567023 -0.216894960133
3.69463140291 -0.422272246799
-0.293314302335 0.449035604639
2.63205776428 0.236297144047
0.487073358308 -0.678521017753
2.67750398386 0.542808456683
0.16382238127 2.95596782891
2.96070116813 0.319072447489
3.23879426094 0.23375755076
-0.00175404923603 3.36183664908
2.63267687208 -0.180247717631
2.77399539323 -0.0341001887493
3.20040796952 3.03482438631
2.5890515823 3.11441149246
2.81628948152 0.514883900364
3.60287144681 3.0475743768
3.01626631741 -0.468977588943
0.568943799235 2.3162273053
3.08102926159 2.39867547511
3.14269293278 2.46756177699
0.264536669676 3.16631806367
-0.38595586362 0.547690728463
3.52500969869 0.476081039381
3.27985181284 2.86189723616
2.4152737653 3.0457955121
-0.173810679945 -0.0834411399062
2.46166687048 2.77424726888
3.6392318416 0.282479316297
2.50665995864 -0.590628487805
-0.0851942218522 0.507441767428
-0.695382239638 -0.495741200842
0.0708116654559 -0.268593526501
3.45105294095 -0.0963669821461
3.13206376438 2.6339632277
-0.691616352446 -0.581463994204
3.50465013971 0.48729958464
0.174748820672 0.419787686408
3.36826870558 3.49243433572
3.02463508972 3.40451825875
3.09994158482 0.362369345333
-0.634821361161 0.429350748247
-0.545026943402 2.99310208975
2.64178756862 0.300532829094
3.25621243859 -0.498220556422
2.7293183617 -0.169886443634
-0.0268801699204 3.0682902572
2.6358296241 0.423899150089
3.32146047352 -0.350706238266
0.285649538112 -0.369254455391
3.40809004557 2.57814887796
0.674694162969 2.69595747492
3.47384111954 2.68303455991
2.39221441621 3.57463068201
0.598088498321 2.43876547412
0.265552907142 -0.272484916749
2.97053968257 0.377689651709
-0.24956532669 3.13097900088
2.81129007586 2.35224943901
0.29136533539 3.32510717395
-0.537783948209 2.61451723871
3.54871687009 -0.551379679803
-0.560349508981 0.587880433628
2.33944368756 2.92473790884
2.30641290995 0.534129325978
3.57710083003 2.33861733319
-0.657532218281 -0.520987850832
2.6348564058 3.41847691095
3.0455432069 0.641425029886
3.1938744887 0.510299421035
2.36690351703 -0.252228327318
2.56623673574 2.9881313272
0.65446375774 2.30718010689
3.34898660073 2.55181026007
3.10536011122 0.230738689014
-0.113935958871 2.36491184059
-0.13998470983 0.685665607684
2.72846582127 -0.675999082733
0.286901391332 3.26504408382
0.524770839558 -0.268516111649
0.64979800052 -0.27513682292
-0.257249101023 -0.0338216036653
-0.590845869445 0.00389327341151
2.79173230529 -0.246840621175
2.83502625513 2.942331724
0.493161116196 -0.0693898989697
2.31866122778 2.92199477851
2.63754829091 3.00726046246
-0.386277606774 -0.0173229805707
2.40529055248 2.7769578167
2.53654413035 3.27754233476
-0.0121639179456 -0.47442098498
0.271738059973 3.45077896934
3.38078249232 3.35964033675
3.11514340995 2.53348962631
2.93887667726 2.94264241314
0.0278003492584 0.143821130718
2.36467896594 2.5169224436
-0.51867743384 2.68702512442
0.220470250372 2.85671226887
-0.640671198546 2.53961079448
-0.459147786416 0.273399858887
-0.457993854459 -0.0612753659533
-0.58803475243 2.46990278826
3.38491029956 2.29890024879
3.48165421331 -0.108418754415
-0.638047461498 -0.575676524531
2.98212290853 3.19454539529
3.04725410637 0.309605049793
2.8067794985 -0.619508560264
0.667960349516 -0.420624107694
3.68697863337 -0.62669558518
0.239516570374 -0.638762943537
3.68175256035 3.37520940736
-0.290027339385 2.97180557898
3.31179684553 0.252906795683
-0.188386693766 -0.227275144786
0.267745133584 2.45743051912
0.408705929975 -0.216508976374
0.110434842118 0.378776568628
2.65262626423 3.16792624861
2.8671311336 3.69186797202
0.0151156892268 3.47191922561
-0.626081197928 3.59140131651
3.5765758522 -0.65293958231
3.51342945427 -0.637102151254
2.35503660172 0.130082362194
2.5369832046 3.48907322147
0.38784994907 3.02024355999
2.31794585764 3.29574347692
0.439868613036 3.45540190097
3.57205959211 3.04282164979
3.42447744146 3.59611817548
0.297335779884 3.31412213675
2.99387745952 3.60740201481
-0.204583205563 3.09913265186
2.49203086858 3.05423240818
3.44370020823 -0.428785869518
0.256179199018 2.38992611897
2.69170690963 3.04424475684
2.44974518981 3.36433018049
-0.685319822094 -0.190972538853
-0.186983276737 3.03627880284
0.124648322399 -0.611555629072
2.94837326166 2.82502271545
2.64840819844 3.69922448637
0.0952588376587 2.36680006199
3.19865640037 3.21564336088
3.03329541698 -0.0449694944588
3.50899600724 2.31106305429
2.89678278502 -0.563944613758
2.79135402167 0.441082379307
-0.407143407043 2.45616928853
2.5346495573 0.671221820284
0.302886609189 0.401170296313
3.12382149188 0.498319861567
-0.418496443842 3.07902001308
0.581762516817 0.146610250533
-0.423429427692 2.74482395686
2.93839329773 3.05963647622
3.25434185091 0.214787516872
0.0608167040859 2.52212782533
-0.293984856982 0.290450713703
-0.654542727911 -0.574591928979
2.831127458 0.604887255604
2.30058370827 3.51277111166
2.63468867024 0.32851883981
-0.165913632986 3.62070849741
2.85203895777 3.03078223198
0.705128376962 0.206355275413
3.68749275846 0.164942010016
0.384371552449 0.701275540218
0.565691133034 2.41147383746
3.43808646859 -0.28253327162
-0.253669379116 3.29360293125
2.67463717428 2.92410453141
-0.0968024162245 -0.657180870656
2.32709893358 2.3948191267
3.25630009891 3.14690677326
3.67168724131 2.85682159684
3.70616752928 0.698509545974
-0.279467690157 -0.586055905081
-0.323856712341 -0.381683697797
3.05365415849 0.396671078091
3.63538275231 2.34452293426
2.51011133934 0.5184357906
3.13605265329 0.215432647497
3.23677316186 2.69995146179
2.67920651887 0.207489922482
0.469081054266 0.497749101719
2.77765923249 -0.214575788909
-0.213763250493 2.73819089144
3.40246831068 2.6916402477
3.52693059336 -0.0104996569753
0.113758086115 0.0430815592178
3.68531669381 3.11073343743
-0.203559245463 2.70754958579
2.33958959085 -0.494498431153
-0.196721955213 0.10507196712
3.20382857932 -0.596475059878
0.38021661795 3.07007752088
2.30692460226 3.02991187359
0.190882571615 3.09850145075
-0.058852511785 3.38106612824
-0.493962391547 0.559118685917
2.9397362314 0.171802801217
3.63240129687 2.36372745655
2.37559642862 -0.367226167909
2.7204529734 3.47747735134
2.74388569875 3.23535736401
-0.376112577864 2.65869275126
-0.608479323324 3.41158171524
-0.607804712916 -0.49993254045
-0.390264595082 -0.0796922486891
0.286720143681 0.241052989224
0.20750308251 -0.507059550952
3.52406959195 2.57171932543
0.381944191872 -0.654656313017
0.503405592034 2.81549964698
0.256824793097 3.23288075005
3.47883517387 3.29199073126
-0.341670197655 0.562480851333
2.44849629681 3.60336252957
2.48032885175 0.11803692828
2.86759506966 2.39517899332
-0.140894425677 -0.136355473882
2.50688577512 -0.6022716845
2.58651819342 3.6964140592
2.60454763538 -0.481380898515
3.67695588022 -0.683443017366
3.40701388066 3.23122820562
2.34720697097 3.65624840737
0.302483335582 -0.595207656294
-0.34879211398 0.306680819179
0.432554913677 3.45356270422
2.41704334167 2.77968219108
0.210557631466 3.16271549564
0.0435083144714 2.62947510894
-0.0100183827263 -0.000414650357866
3.39706918265 -0.705068958734
-0.164045942033 2.86810871243
0.703698799472 2.66162664113
0.394238120362 -0.401747765111
3.21183068248 -0.505894177075
3.63225451193 2.68033650485
2.31773305462 0.193881631798
-0.371678854357 0.371507253961
-0.481526427979 2.89559254255
2.80744506941 3.51309216636
2.71134835953 -0.0592153953341
0.646773551816 0.588281336306
0.00477779189357 3.30641558795
3.66743926058 2.3989317819
-0.337557498201 2.58377690595
3.36340897648 -0.179091124247
-0.35952517903 0.409630493666
-0.320168428344 -0.631320665383
3.65923100359 3.23716770068
2.96171779898 2.66043304611
2.64870558431 2.57424926504
2.34233594194 3.65700148055
2.65259211927 -0.188534424656
2.92328780418 3.00576098669
0.140380969819 2.86449266035
3.68056651123 3.54437678963
-0.128533607613 3.55523393113
3.12465231712 3.65598535712
0.692305404041 2.81586566403
3.02903866988 2.74336400849
0.656906666419 3.39932324445
-0.662618265136 -0.678624947052
3.42362412027 -0.549544734069
2.52810795401 2.60152547071
0.566235530582 -0.149483643487
2.32256984844 0.530570846097
-0.0203172287711 -0.277496386582
0.464339986378 3.04924101232
0.437520421551 -0.608147411084
3.67953186497 3.30805856084
2.34577809976 3.17457362608
-0.119145106271 0.29521152069
3.42293306686 3.29314006136
0.291327094266 3.09747740709
0.199350183556 3.07751453645
2.760292457 -0.240914999788
0.592262688179 2.47100456991
-0.330525373476 3.65983685438
-0.476354633268 6.98292409984e-05
3.17705482818 2.63007237395
2.37760969425 3.07120065372
3.28566791146 -0.133609989995
-0.236240484068 -0.506494726823
0.453774180985 0.290928681094
3.64738566752 2.5785509939
-0.551491467098 -0.384184446802
0.0518323334075 3.44765973598
2.77353420564 -0.637979264994
3.40348635234 -0.694091179852
-0.110902624018 -0.406376018689
3.47173942466 -0.193886990679
0.280633763784 -0.00439940885452
3.18201658818 2.33902700409
3.41223970398 0.193352235268
3.31376260133 0.327693043493
2.81740008177 -0.100540403853
2.73428989569 2.79363712202
0.444976272572 0.396241254252
-0.278001014804 2.60607068226
3.17486508532 2.89556517798
0.389823161798 -0.0530283784532
0.442914363037 3.54483789039
2.86832701851 2.77292159345
-0.233199136248 2.51722763873
3.26149661355 0.0099229480735
0.617344269205 3.39672519674
0.284523039071 3.51432058212
3.55136398242 3.6526809044
2.94451824161 -0.421235935634
2.60003168347 3.56055558484
0.0201035538674 0.590280988726
2.63791525838 3.27520110742
3.68867333242 -0.550425634965
-0.0821613821038 2.63278681495
-0.658590366606 -0.411154560709
3.45763780718 3.3605830395
-0.342469876655 0.683680216297
-0.0194903085097 3.66260389482
-0.408437879261 -0.446058045174
-0.154984989952 -0.401255059864
2.53341447017 -0.576659536512
2.8620049088 3.25885985239
-0.463685900049 -0.345152429634
0.67739135029 2.72932913939
2.44652552698 -0.674607716445
2.57890645422 3.65203009983
3.44181129953 3.34710641526
2.67556764965 3.34477890432
2.44996226645 -0.465531260454
2.63186272678 -0.415120623953
0.129685680535 2.49394837287
0.0843801664762 2.40210647664
0.512569834453 3.17550036158
3.42924407609 2.86383052454
-0.0183866443588 -0.154301938647
3.4600150157 -0.490842899472
3.40789349145 -0.617682533071
0.119498755403 -0.0201945342679
0.678243608309 0.237542166397
2.30858691629 0.103251402381
2.30508058902 -0.221559777349
2.77568108563 -0.359956733404
2.56759426854 2.77775544429
-0.479277064946 -0.272598573886
3.26391609078 0.546619521706
-0.497864526118 2.47945545092
0.237040629088 3.42373674235
3.61374294122 3.3183982726
3.66080853594 0.703040353003
-0.148334434719 -0.584701193184
0.0889944536236 0.469552967916
0.575068105075 2.51627888409
-0.567250328463 3.41526662172
0.0817043384955 0.557849312998
0.114667284304 3.33545868654
3.45568085537 -0.416016884218
3.20977797137 -0.334348073271
2.97189540322 -0.0189308004812
3.49253581522 -0.506528094188
2.42394933809 2.8047379575
3.05308240088 0.475158453074
3.23707027691 2.31508093666
0.110029454229 -0.301285828646
2.79879863668 2.37991482976
3.05462968172 3.35940964174
0.452389085491 0.49085817291
-0.544403620416 0.412361484173
-0.664719945014 0.273881334634
0.20713071946 0.471673098403
3.13458056803 0.213722244338
2.95552159282 0.199105965257
2.50458766515 -0.0879822668123
3.14949168727 -0.242475367552
3.21830710834 0.0486525922357
-0.134927485249 2.90423351175
0.240028960654 2.59211402429
3.63117806689 2.66518657518
-0.673010516223 2.59651137929
0.352224864479 0.600165446647
0.669969282342 3.24107899718
0.290817111158 0.413732698092
2.45444452157 2.39972290734
-0.0161867957213 2.94031897337
3.280587303 0.0435116149047
-0.306447733368 3.41880065445
3.1564108575 -0.217796313683
0.688234063463 3.6145576302
0.503892482778 0.213187951904
0.122460020647 2.35603870338
-0.156074119274 2.32704236807
2.51373565302 2.9749000702
0.35255640754 0.608754275781
0.673178062951 2.50010217852
2.44583821602 0.329438788795
3.18155912011 2.71311269041
-0.00964451984197 0.394381097047
2.30974148902 -0.156237435887
3.43964462029 -0.517853573493
-0.474010430774 -0.106735293948
-0.163665953468 0.449448053503
0.27853200562 -0.0660842197553
-0.116028293934 3.36474360488
3.32923911469 -0.321155601648
3.6766677519 2.83445512627
-0.303382993815 2.59682735686
2.8212134299 2.33370755023
-0.599429922179 -0.278100836843
2.95180135916 2.53068091846
0.295078861435 0.0218529633025
2.5731589625 -0.33338698694
3.44876975391 3.55370752306
-0.300172493655 3.49685355925
0.234480656443 -0.0242977444361
-0.369352634101 0.0577630637442
2.6891681128 -0.50515584078
3.27784873735 -0.309033204501
0.34161239434 3.19130987052
0.546982895492 -0.175367265071
0.179279041468 -0.139052780395
0.530495814161 2.90352191371
-0.0193715668252 3.46394562948
-0.706470212474 0.261123352363
2.7980259784 -0.361709049685
3.09584288993 -0.700012343465
-0.443593127719 2.9349469979
3.00996493207 0.682414727395
-0.680113886675 0.453872990076
-0.517767832288 0.48113143967
-0.681573127826 2.54376456018
2.34523843342 -0.36181046969
2.95087731416 2.57656553765
2.74787541492 -0.516603586508
0.673809235596 -0.19712197107
0.364083343726 3.097206762
-0.0036079548615 3.43470991664
3.1781073593 3.69732895038
3.50352857457 2.31231226939
3.56602513929 3.3422566061
-0.132147799749 0.342967331149
0.617091482915 2.83748869927
-0.383416441929 2.53834826802
0.646155592571 -0.0590618949678
0.177093487467 0.0873379094471
-0.276664962641 2.54690822761
2.94057318559 0.522915781406
2.76037933289 -0.429534377571
0.0649358195354 0.216332489141
3.04782818408 -0.50820688655
0.103815967703 0.290991025343
2.43757122045 0.490769333103
-0.048144331979 -0.154126837129
2.73335403714 2.96421619174
-0.31772962954 3.16535771677
2.73419504327 -0.113114688606
3.62627269986 3.38181594218
2.38383727683 0.247301164763
3.38816951364 0.369670735189
-0.445355609195 3.63558608158
2.77232584945 -0.0115958156576
3.28488323578 0.0542115879286
0.505747041458 0.622951349121
2.56943904371 3.62716566378
0.00947230070112 -0.303383449864
0.101830334367 0.0261312687165
3.15930853591 -0.149666632441
0.32611162111 0.448852719534
3.17448798971 2.6125385419
3.13442981413 0.229894923884
0.230610728222 -0.62602505029
-0.500851504706 3.47094100179
3.43281046337 -0.0555963657751
-0.0916782840195 2.72330251723
0.0779889529499 2.81387680655
2.85615169828 3.68971911859
0.00747190021168 2.81135746251
3.35043886223 2.60577229458
3.22205740629 -0.10278737444
2.30591680661 0.678693895314
3.66378156949 -0.481004899319
0.0670638155346 2.64224851849
0.0576469188993 3.18171507052
-0.0524565765087 3.13463959281
0.539703583373 3.01968555474
0.195286509211 0.640977793098
3.12532725643 2.99866417935
3.39749357457 2.53643464262
-0.680269418036 -0.491562066009
2.61824837391 -0.00489219185035
-0.371146031441 2.6712149198
2.78830022606 -0.661654862922
3.52437670355 2.91287955989
3.14962013793 0.338496377885
0.267135946768 -0.14711510244
2.35937751208 0.624083472935
2.68994085648 2.89002016058
2.66134725517 2.29881501551
-0.578845246788 2.67060509917
3.26488796635 0.222940101008
-0.31079179125 2.83959109307
-0.245839583137 2.59026691884
0.30174143118 -0.251596156425
-0.37790988242 3.66871496849
3.52839435225 3.27193893409
2.98535447281 2.84115004953
3.32416480522 0.455905251856
3.03310627834 3.37324296045
2.60042044105 0.425154565349
3.62249449743 0.268762870545
0.118537550919 -0.282281429979
-0.649386967837 0.438425972563
-0.567791201106 -0.0211225767279
2.82596150121 0.158585354914
2.3131562243 -0.60173622194
0.464165154852 0.353780877731
0.284796565415 3.70063082343
3.58041243278 -0.427758851859
-0.340365229939 -0.58347012027
-0.182232710862 0.350791378946
3.45192315729 3.3204396358
-0.40272463523 2.84312719098
2.67405607411 0.608024374361
-0.470597050759 2.31851236281
-0.607101186373 2.69118299757
-0.205800400422 -0.129713722147
0.3283383066 0.256012385409
2.58273677949 3.49666189011
2.41401927557 -0.667220046576
3.03254215249 -0.366105532964
0.681131907026 2.53146723668
0.628496549882 0.0642925080204
3.28443938902 3.49535940865
0.360153131645 -0.683919121541
3.65625353702 3.22754099359
0.553470565537 2.63957594089
3.42038569583 0.050861756499
-0.642783996003 0.414808522656
0.489811489224 -0.414066038564
-0.141020722228 0.374831435741
3.19864988265 3.09170572919
3.04576830348 -0.262621010104
2.93249862184 -0.33868740682
0.193089217431 0.481044055799
0.374170430554 0.626397933247
-0.450059199309 3.66010240452
3.04400088886 3.47924707958
3.03807777107 3.24072592906
2.31546935689 3.19102923582
2.55981446515 0.0488780041884
3.01510027072 0.193207148256
3.170771626 2.99096469463
2.79823568653 -0.614947564813
-0.0910380697395 0.38012820142
0.631485322522 3.15665739714
2.48944129588 2.58941734213
3.6141161589 0.309532030742
-0.511107250017 0.50735976608
-0.121926265403 -0.621450719121
0.0230586983035 3.11061988507
2.92252976933 2.51847182947
0.577981479787 3.11424376489
3.45345685354 -0.0429469317598
3.02957498333 0.154183307906
0.504313968122 0.181291731811
2.77750956937 -0.135922902788
0.550071755212 3.48902950299
2.89033952275 -0.646888611561
-0.569796169437 2.48231645778
0.557259513521 2.70000490889
0.337889709235 3.52915496679
2.7353178366 3.18694512644
-0.155285189974 2.35766456592
-0.243088289376 2.4223133654
3.23297397995 3.58604398419
0.101551186367 2.77847385208
0.22022868533 0.128693735704
0.688850931351 2.49848436068
2.89190371272 0.507928905322
2.30691527269 3.26852026844
2.6578022335 -0.634898329888
0.67018849334 0.444152383836
3.06549955568 2.71885499029
3.13290800656 2.68866184636
-0.115235378434 3.63832457278
0.297348671991 0.349837190002
3.50010041855 2.50905501314
0.414452778683 3.63828314941
0.297168981784 -0.690378479982
-0.705268847048 3.58090178214
0.353961658105 0.342232989868
3.70701997921 2.55350329442
-0.519317261488 -0.502142112094
-0.171382375104 3.50332612959
2.34308696847 0.272585375113
0.22950695645 0.340279593584
0.0578632600069 3.08344220199
3.25940858668 2.8805967204
2.9769656423 2.95803839748
0.388866529692 -0.324753616167
3.37822194928 -0.672384396606
-0.251786673758 -0.31325585136
0.591287982436 0.655171234021
2.63386721668 0.227499856328
-0.64135626991 2.80555420306
2.81353805269 2.32481060964
2.39464533733 3.47928243405
3.13785277476 3.32197342531
2.66995528438 -0.42411523556
3.42566692768 2.79755163127
-0.611238241124 3.04751947559
3.1821573607 3.08337151723
-0.599969794225 -0.268000274616
0.361570856926 0.095981053139
3.32003663092 3.12155168511
-0.0923174421765 -0.105934203138
-0.688036779304 3.32148780537
3.38617297905 0.540780281571
2.51371932788 3.30863292726
-0.42625169587 3.62978926193
3.26338393849 -0.346549122102
2.38880858047 -0.303201095156
3.00823842438 2.67333382649
0.340190861436 3.25189336742
0.259551496395 2.97546381612
2.68110794989 2.55580278512
3.68959940462 0.516996480748
2.37950726204 3.25350597748
3.34823624829 2.69550753839
2.33493898506 3.65829627276
2.72438962033 2.60559893938
0.702574734568 0.509236046493
-0.449683577946 0.474161172889
2.60047783376 2.3102973633
-0.369448206083 3.32872453655
3.45339101525 3.67944133178
2.85714492357 0.144438747386
0.100277851072 3.22659137719
-0.491689459253 -0.605074141981
-0.178450140228 2.37497215603
0.644393024107 2.71809018709
-0.517340221709 2.85876981606
3.44854527417 0.661952433117
2.98209919771 -0.407075115786
3.56901673091 3.40110394583
0.647611854725 0.311719854691
3.2343375757 3.0563057132
2.73110916764 0.429651147889
3.24598972543 3.49495226442
3.11521215092 3.42033838813
0.171557265198 0.556105305131
0.101334129252 0.281795156353
0.432254482956 -0.31561042159
-0.368162160328 -0.506149248495
-0.381923629071 2.30940781443
-0.341059520016 0.401500517306
0.150662446564 -0.061618877699
0.293259112838 -0.21701948585
-0.134705665228 -0.551677045115
3.15516676277 3.67442932823
3.6426586029 2.5198941423
-0.455633385298 0.312134644618
2.7681114286 -0.354763489559
0.642886064459 3.14613904911
3.03601847818 3.33364826508
2.33904355411 2.3065239904
3.00898807008 2.51687447417
-0.480884601894 3.65433694635
0.352546132574 2.50270041457
0.640465862826 0.437636481112
0.0913509408324 3.36616143733
2.51832662384 3.34644837165
2.54813236401 3.67885956077
2.73297020556 -0.387793202795
0.402545450669 3.24708570816
2.91213636759 3.15586490549
2.90217578251 2.36033901576
3.01304932067 3.43611908201
0.179249417296 -0.613116322164
-0.532205247856 0.524147514289
3.08328844772 0.236676442591
-0.0062650541758 -0.208470467574
3.33687988181 3.59384001073
0.149546195595 2.70914878092
-0.0952213158097 -0.376452629276
0.45152279885 2.69609628166
-0.16873590302 0.237518540714
-0.68163345073 2.5890018592
3.35169275402 0.393955504829
3.60007097589 0.369950118444
-0.213254778951 3.36469532578
3.33532641411 -0.102088920126
0.44555774281 0.191371492529
0.632397269153 2.7915830205
0.144813946396 2.39110795993
-0.47770206627 3.13854396037
2.95587007966 -0.120156087568
-0.675374407922 3.11987894903
3.58654690395 -0.577763924372
3.18742485654 -0.671293562555
-0.604840741509 0.0587816517023
2.95940778789 0.293086592307
0.10212250436 -0.118639957273
3.42020767483 -0.265091395127
3.18668099021 3.16335033942
0.279759827202 3.60120182385
2.52319988844 0.637528747953
2.82039838844 3.45752034542
2.43208867401 -0.406574159619
3.46516817509 2.99960731777
0.554446483341 3.03052383743
-0.166609580352 3.17735550327
2.71334017701 0.248663669691
-0.263552908989 0.388224728161
2.3737690317 -0.694653613994
-0.227712968538 2.64454032497
-0.557347221894 0.0559773388273
2.73962007734 2.75250739737
2.42309137919 0.542314627635
3.16291672447 3.47060142699
2.39222218714 3.36848642111
3.5563227748 0.0371228404184
3.57124301232 3.40414881314
-0.526445915274 0.257268930716
-0.630191173345 2.82064910118
0.135354540461 -0.00338106019331
2.32841265557 2.3613111973
2.3238238122 0.632818382978
-0.208097577339 0.263487648616
0.287179069485 2.67784182305
2.51566846958 2.71852604035
3.57300227455 -0.190679388184
0.506898883321 0.0508698488247
-0.124846578498 0.0477434625077
-0.359342519947 3.43057381489
2.75003100207 3.53827049701
-0.275632260422 -0.1364796457
0.262192821511 0.601680173601
2.44934332757 2.88160728827
3.35347713382 -0.663017913556
3.60232623227 -0.113229927146
3.31719021281 2.45151530099
0.64245499591 3.19645939797
-0.316895091842 2.3555865073
3.35097320378 2.51857147443
2.73699070133 3.27102916458
3.32049812366 3.53662778753
0.222781964167 -0.635111236887
0.483208996196 -0.630277791509
0.382933864882 -0.538054022552
0.688884772623 0.397566212022
0.588248305463 3.10231085884
-0.476171897135 -0.603603600518
3.30017409591 -0.10099692952
-0.109212887886 -0.258283999796
0.222070831804 0.587758544804
-0.167293662751 2.55594283458
-0.364455189707 3.05011890749
2.63686392539 2.96897184526
-0.000453871373625 2.41306671217
3.57855686224 2.33571590239
-0.402566550448 2.80339336377
-0.583849698086 -0.405220003824
0.0291445202766 -0.503445464811
2.36243749487 -0.592867192844
0.345504296833 0.219005270973
2.39379085072 0.467643379208
-0.126275458154 0.668287266854
3.46524707952 2.73524895164
3.49799320225 -0.252064643835
2.51081478426 0.0130440705787
3.44749406451 -0.327217900409
2.57442642167 -0.338522331564
2.96540844977 2.36926977904
3.02379996685 0.26178048335
2.74517042428 0.244618744987
2.79191815771 2.44023213915
2.58113076391 3.20283813858
3.01172558703 3.38255800396
0.0587062064691 3.11269534626
-0.490256088659 0.664727576055
2.84908594157 2.61596288307
-0.449505364027 2.38433584131
3.6261987945 2.79741017627
2.41521545216 0.323184284687
2.85734738272 2.9198249245
3.24285624964 2.81249855665
3.51554493669 3.31013061841
-0.405635963466 2.77745375151
3.19629247535 3.21581131372
2.36258867438 0.543949955979
0.102589292863 2.85469539976
-0.273514805653 2.98704285441
2.68253324109 2.29866333811
0.00737461333289 3.52914692076
0.37238465852 -0.397428705689
3.38918797299 -0.521779681528
2.54210139262 -0.499410332001
-0.358438854959 -0.0466849933947
3.39416273234 3.39796435966
2.30554177744 3.1946834665
3.66133943569 -0.238020149877
3.67224253921 2.67686319531
2.44427520721 2.74309664999
0.192710685118 3.26474022838
-0.540417805294 2.72606950909
-0.391080866528 2.39719180918
2.52327975112 2.80899244514
3.65475204689 2.51492384985
2.86325432386 2.91525823341
2.32648721199 -0.33542256294
-0.412405288845 2.54725294424
2.45715293752 2.96052106807
-0.44081158649 3.33253641058
2.7242577798 2.35680053805
0.684853734983 -0.510560919542
2.67563514765 -0.635497622281
0.0926721067177 3.32575079332
3.53903853287 2.48751373645
-0.378636233655 0.559033563218
3.4114807048 -0.628883807736
-0.0799565720639 3.17953897988
3.1100964644 3.07418812672
3.53267765508 2.33327020608
-0.680060155644 -0.346025328771
-0.670577805188 3.13412984029
3.62929369924 -0.000376463548256
-0.567973037509 2.86968123469
2.68200936595 -0.411869671584
3.00230625906 3.61992990563
2.368979196 -0.622930570743
3.42164046595 2.70557977596
2.98099544591 0.0643590095325
-0.559944633229 0.565548399649
