9.98466771404 0.487270872522
0.407397975425 -0.373230367203
0.243136871473 10.1441876018
0.370179470723 9.65153855871
9.82550906492 -0.533828487281
9.42238979589 -0.466156318324
0.577797758853 -0.353433842812
-0.648699741041 -0.501465076733
9.66363876599 9.36681289721
-0.326131421204 9.99705309501
10.2614881523 0.328175326281
0.649829878689 0.647983556457
9.85468820057 10.45342407
9.50294663238 9.44930267128
0.112649079006 10.5261544721
0.703701169126 -0.0446791371063
-0.335838627852 -0.54297739509
10.2216579558 9.97786032332
0.151314278179 0.461310489361
9.64102829532 -0.471613559322
0.10048101156 10.0137369341
10.3309312864 0.520317146669
9.43968956565 -0.636386199767
-0.0690196431272 -0.447152260576
9.71490388312 10.1991945669
10.2464172502 9.90441139696
9.60115188924 -0.340526232271
0.573341674885 0.332903985148
-0.437354117227 -0.425743981995
-0.0113066144983 9.43762072808
-0.185125712662 10.3846303905
9.76663363641 0.616550889008
9.36785564752 -0.229484919786
10.0791865703 10.2420249627
10.3207614129 -0.296199296514
10.4248779429 9.3752849393
-0.0326549460356 9.89551893437
0.51887608336 10.5895189637
0.637066425886 0.530856181893
9.42575377577 -0.351207056774
10.1828913336 10.5053145988
0.473390866197 10.2847941623
-0.381597345824 10.1734399911
0.166830634616 0.368985636573
0.238252662241 10.0548437126
0.185224682749 9.63383650014
-0.0205849109176 -0.47267239497
10.4774161896 0.0302264595659
0.0876362637692 10.3557692233
10.4283376951 -0.406629926697
9.30546733635 -0.352787258856
10.5405604085 9.44875055613
10.0569890659 0.604078865572
-0.0093700428248 9.74067105429
-0.302513496994 0.0179961587357
9.6652248916 -0.180357513928
9.29830207088 0.359499740184
-0.630863714974 9.50782007339
-0.169714080024 10.4209396627
10.5096959431 10.0218559623
0.110350904392 10.4893022336
10.6851073155 9.82933508173
0.503840066056 10.3449868098
10.3964569974 9.47327453119
9.67580636789 -0.150691811885
9.34387945234 9.72568665719
10.5529140112 -0.103229067856
-0.628076346509 10.382093437
10.1826564881 9.35030632789
-0.208740554984 0.37512210209
9.56232688463 0.241789214281
0.424014380215 9.8325351826
0.529844661749 0.488689060426
0.578180129664 9.97234492811
10.1722893841 -0.0802530837295
-0.34737839244 10.2385630993
0.645341137191 10.0022506991
9.82088131928 0.365338267347
0.0988565125391 9.61229385113
-0.131235620416 9.36958014229
0.134918111415 10.7043505854
0.0424208855722 0.57474233962
-0.629973925049 0.622679374091
9.96598311698 -0.234518801569
0.386453380132 9.6120286558
10.3085775435 0.112614873077
9.32551518498 10.584805885
-0.628451789863 0.0520154920307
-0.114568037045 -0.0140312754924
10.1687038391 0.426862336659
9.53728638929 9.85984700851
0.464760095438 -0.0550315655808
-0.327143686856 -0.412491250867
0.656231635256 10.2881639041
9.35270607748 9.36212446233
10.6343772445 -0.306521775411
0.142605883766 -0.410391041306
0.233902577332 -0.00301285659221
0.217689496826 10.5537089315
10.4985557725 0.189873880218
9.92566307457 -0.698540050752
0.66362319808 -0.181466673782
10.2455937451 10.2289785713
0.079260746602 9.59133265995
0.32051957034 10.1442960563
10.0467036456 0.166394990922
9.69661092906 10.6831721302
-0.0170024528339 0.304181491831
-0.313462220532 9.31494578266
0.00955676662238 0.336551690661
10.392714214 -0.55914101431
0.197706150742 0.694726615561
10.2375693487 9.83502535857
0.602272892571 -0.667742083845
-0.329327283178 0.433477331053
10.1849847567 0.662220483159
-0.334886522847 9.64767589854
0.525537594568 -0.116956409765
0.528170489843 0.0698788010606
10.4822561979 -0.461248903983
-0.31726822167 9.98536676321
10.2236004133 10.0338333667
9.6857363773 0.204893807352
-0.301802082044 10.2251289339
0.333663146839 9.84932009814
0.353435988421 0.0244340703915
0.189087371831 10.214046753
10.4150155876 10.5439834493
10.6227348966 9.52504521965
-0.3276204711 10.1473360286
0.22171119711 -0.0874726270797
9.40902847895 10.5640828713
9.29714654723 0.0949101053651
-0.448107701734 9.35494232788
0.0250242732572 0.245909164931
9.29736467521 0.692630935653
9.49932797827 9.93773633202
0.322509532208 10.5970152522
9.83651691024 0.368690774523
-0.121244916142 9.39129638489
9.72203448455 9.8148510848
10.4705192927 9.98001841753
0.349793735006 0.0932292298983
-0.0805405122171 10.2709242023
-0.0282007463218 10.5757799046
10.2420593313 10.5671362792
10.4702703731 9.5260228949
-0.453720001934 0.0557238478429
-0.0013799642201 9.61425574824
10.1269967189 9.76291348698
10.1608544103 0.167498687417
0.151468433636 9.80611078739
10.2082523532 10.5248824845
10.0095337814 0.683118564296
0.600386891091 9.97860986855
9.87849145011 0.407810483218
-0.233127317687 0.662273364232
0.501407364261 10.1545278806
9.39546147519 0.177247898068
9.61151134954 10.265096671
-0.446873969324 10.1528005143
9.89930572618 9.63565833579
9.33587357295 -0.676119356989
9.41619978558 -0.264360506023
0.166008908467 10.134856288
0.249182131881 0.148688436328
0.113761968464 -0.680257501052
0.242060876777 9.95229107806
0.504376322908 0.574594114264
-0.0804687860471 10.5871551042
-0.178463348684 10.4016362414
0.0217086654309 0.438304108876
-0.345125736635 9.40330872548
-0.346503989511 9.55234116033
0.213629674779 0.361944655431
0.0357307204286 -0.193072011305
10.0528443189 9.91440390587
10.6934199471 -0.221034683671
-0.576100891523 10.2153039271
0.236602729745 9.91947774039
9.88102148068 10.3431878353
9.43971837321 0.191237550551
-0.623114057659 -0.297014536969
9.54678536781 10.270451812
9.45389692212 9.47555411421
10.2999464997 9.84674367015
-0.393959279738 0.608095454447
0.423123937177 0.642018401169
0.55889636234 0.339362456623
0.493990663674 10.5479813385
9.76867677284 10.1909603974
0.318657239531 10.3314495503
0.465422937843 9.42928971773
9.69453887897 0.255692096969
9.63545819548 10.2925026733
10.3637179711 9.29831486654
-0.325246223888 9.64235896896
9.89456521143 0.656489587446
9.58151652539 9.96055371648
-0.0657072627969 -0.703125849069
-0.203895163668 10.2289812011
10.4647292241 10.0619141643
0.0771933082944 -0.39659125813
0.0733188648796 -0.15648281567
10.5040630673 9.40031831727
9.95025601061 0.0472846969826
9.56286521364 0.202466290237
10.6090810736 10.3373662856
0.258757684972 9.83109263456
-0.380436362968 0.418162698206
-0.292777694631 0.0250798868891
10.274721834 -0.687618319813
10.5390151649 10.3841132387
0.618327558961 9.63743938548
10.0397507245 0.331237911525
10.6697019521 9.50729487028
9.41308791211 9.81149951611
9.55154203939 10.031182266
-0.217224450815 10.5226016158
9.38722302875 -0.508084594569
0.286117635977 10.0289794361
9.30467173948 9.93911719401
0.00373568981096 0.11749181206
0.431085281279 -0.370485216184
-0.352257472913 -0.624485557321
-0.44093393573 9.5118285513
-0.4189434386 -0.577284600538
10.6403340631 10.314140942
9.48813794497 -0.343614788999
-0.365130201429 9.69738861029
9.57526778269 -0.226868761643
10.0931015252 9.76301062091
-0.158382916121 -0.0266203273094
0.199260866733 9.59343072982
0.586499161452 -0.204757151241
10.3700632999 10.2283413654
-0.173881800303 0.122674078641
-0.638649169842 9.65832299276
0.359067661359 10.5733890088
10.2280976897 0.683212489914
0.259889878728 9.68999885214
9.42884254679 -0.241348057605
10.3589040525 10.5706686965
10.5919482601 -0.636879818619
10.5421170992 -0.700207428169
0.204602307396 -0.549135869483
10.5103136758 10.5614650171
10.1264555909 0.627753434157
0.39935573485 -0.336957528853
-0.574591060234 9.54070521783
9.73913301935 9.35445890897
-0.656615749098 -0.336148439494
-0.499119195153 0.398366104968
9.48367993625 9.82956858842
10.0278918313 0.36885024671
-0.417034107982 -0.0299768995987
0.364812960301 -0.493460249488
9.29668080609 9.8475337603
-0.392279572823 10.1665835754
0.483887564984 9.64302693333
0.315555362947 -0.524317469498
0.171118134913 0.612078766034
9.68454989183 10.6120747426
-0.423990843883 9.84938938571
9.56678979893 -0.304811824715
9.83033827593 9.83490898987
-0.600785517327 10.6141146192
-0.0452370053566 -0.511965316775
0.00721217252633 -0.509619983215
10.4815093987 0.23005084105
9.41927030106 -0.251923539491
0.648740511844 10.577335995
9.53166530738 -0.692950623026
9.78179954774 9.99983551226
-0.548946744039 9.29711547388
-0.0425690689574 10.1307260262
-0.193465306066 10.1337849321
-0.373149404583 0.701181895622
10.0830643107 9.90935475242
-0.263232623135 10.4755054211
10.4896764404 10.5327731587
10.1709985748 -0.109687883445
0.610745683306 10.1752873707
0.138355490709 10.1084626142
10.5573166657 9.67289751079
-0.215480385085 10.6003043629
0.0902909751225 10.4862247737
9.90371676506 0.690680036664
-0.40545542066 9.87451355753
9.5861174026 -0.655887005848
0.547330279079 0.695617994717
-0.395830675961 9.39657626751
9.38637301455 10.6265735844
9.89001338634 -0.421453258511
9.86115202911 10.4674336474
9.50512298999 10.5484393725
10.506803413 -0.674203040862
0.244510671903 -0.394368522015
0.062955484462 -0.387533448283
-0.50815306371 9.74672680869
10.1919293489 10.0383493499
-0.061764076642 9.69147202908
10.4751067623 0.509527560912
9.72720479827 -0.654542528271
-0.140510235553 10.043709617
-0.547399761463 -0.166800508218
10.6830647273 -0.00565232699244
0.597730568469 0.332624020272
-0.159842155445 9.53143324975
9.68380672089 10.6275848278
-0.541420123147 0.323887008825
-0.431204337652 9.56776246588
-0.15889103884 -0.683265048342
0.133074585349 0.184668531157
10.4727576513 -0.626649327443
-0.510918991483 -0.541031984564
10.1893428951 -0.168804861045
-0.130264031629 -0.54459581293
0.664841818698 -0.118857346688
9.89053286302 -0.62766429557
9.37641166318 -0.55725022741
9.7146481808 0.508901451447
9.526721241 0.103158540328
9.58902400611 -0.374872914581
-0.594209924804 -0.00307158885489
10.6063525479 0.488864408792
0.580741887185 10.0002027218
-0.58983395036 9.46972084097
0.561145653481 10.3880975188
0.515042272295 9.62250522831
-0.367114118746 -0.306943243959
-0.664477763155 0.431917681167
0.360458534184 -0.135548187397
0.333328172343 10.4030020323
0.482739977765 10.296322623
0.421118009976 0.300419870659
9.58310038128 -0.120809597788
-0.617535138003 10.3273446352
10.5656174477 0.204731992539
10.4469840842 10.39504744
0.514350882014 -0.0442026108248
9.55534098023 10.2601823154
10.0558100977 9.65070253101
0.244437272198 9.38156575336
10.6396647582 0.123807008356
0.119501984803 9.61890996341
-0.485524715859 10.4292434369
-0.349594523957 10.2861527504
0.49790025764 0.208595294488
9.35664740868 0.615625757154
9.76124730884 9.67327773303
-0.156872538468 -0.524734547555
0.347676338217 9.87597759233
-0.675833498956 9.55417828549
-0.344059837825 9.40229552341
9.86737258799 10.0901511503
0.264138932494 9.74758544854
10.1226640556 10.0011287295
10.2582305273 9.53699111032
10.5764589537 -0.0267017670953
0.342278872998 10.5698407588
-0.142145589032 0.387080619154
9.41313975784 9.96994719455
-0.181546240578 9.61461080062
0.288782769526 0.365743558712
0.583562989669 9.86258142505
10.1364222793 9.41623070907
10.3733536282 9.40239864542
-0.340810329706 0.625497377601
-0.21479468287 9.85643538603
10.4728460876 0.65201652991
-0.423922323273 0.0020284815013
0.0790382830273 9.74476970583
-0.323121321759 10.5593271717
-0.562379677534 -0.004949798023
9.79575332064 10.4722779779
0.27157300879 -0.366562438935
10.0380910297 -0.596714794711
9.42604871168 10.3255779586
-0.592641226788 10.2987830031
10.6821754543 0.00173432347386
-0.575525366518 -0.272544443979
9.52196510193 -0.0865360297314
9.37158925517 -0.103899731119
10.5853146692 10.6068475952
9.94396499349 9.95964054407
0.505215108731 10.0809819808
9.52359716199 10.3669934099
-0.499683329802 -0.52390584749
9.98567337078 0.528946823949
0.48293314882 -0.150097363192
9.50552361674 -0.370909838188
-0.365459116244 10.5513448717
9.46825690002 -0.0731177102034
-0.109589925282 0.669043203409
9.54821935353 9.75350199436
9.32280611449 9.55774240934
9.32645945405 -0.227651874482
0.594116109061 0.464888167704
9.59981910348 0.195009127214
-0.353367313645 10.6318199418
0.706619458812 9.75376952148
0.0534914229691 -0.54358189922
-0.399596916262 9.81307241012
0.0398396500453 10.5456279795
0.688866356462 9.76970151913
0.296461603325 10.2905614697
9.40750643819 10.1679161682
0.464760854704 10.488607455
9.88510191357 10.6327022186
0.644089012778 0.502243909485
9.95355267724 -0.188869343996
10.4548725283 -0.0670694708539
0.585878329717 0.684988407099
-0.562044173654 0.2999243417
10.5774352564 9.43009352398
10.4613365481 -0.703653292316
-0.616351481065 0.535678590694
9.4837860801 0.122567526279
9.51134862946 0.389536584225
0.695173873008 0.498225327277
9.99965694524 -0.0939729012894
-0.0652330332187 9.5203540788
10.430448175 10.2705113268
-0.49921020239 9.5810557472
-0.0883650417471 0.149887108527
10.0046490997 -0.0599078790244
0.0102829862241 9.69904200835
0.17558201522 -0.161311055222
0.423014478332 0.0200514336095
10.4801663174 10.1668855704
0.350638817885 0.0598031377979
9.74121681151 0.590080620545
10.13122156 -0.288394615136
9.88409236881 10.1846212347
0.046672564791 10.6715686623
0.530368016833 -0.0590087121577
9.8980790727 9.82343774023
9.78476859679 9.98970091768
-0.419045870323 0.565910005728
10.5772414111 -0.644755554744
-0.513441645017 10.5094137924
9.89369617829 9.73185801382
-0.313449716986 10.516702567
10.5912323492 0.613265015237
-0.453998786953 -0.0209427865479
9.39139575936 -0.430586517533
-0.212279671329 9.5283137376
0.0515043670592 9.70549025559
9.85415792567 10.283042595
9.87512793907 10.0182093922
10.4393494645 0.477198870092
10.1556814596 -0.591088654349
9.64043895351 0.39064558056
0.153907897892 9.94015769916
-0.688959459947 -0.0303033223342
0.227300148127 10.0005217251
10.2143594471 10.2682709265
9.71085541662 9.42957893286
10.1608710632 -0.162825123394
-0.446329738808 -0.67920529556
-0.163155277433 -0.293131811419
-0.280873613257 9.54119962286
-0.255636306071 0.066037627664
9.47085231902 10.1972000984
9.93017431249 0.247762164375
-0.448147026447 10.4088595574
10.1418873245 10.389484627
0.245449999371 0.283461648473
-0.644172348822 9.60619360404
9.83769154546 10.4302930257
9.49350311726 10.3284309357
0.554618350516 9.89413973551
10.0186221685 0.677342680317
9.67595783687 0.181244764264
0.105331440717 9.5842842661
0.484340928029 0.17204686482
-0.51816255211 0.687615076665
-0.148899667872 -0.318732582832
9.91529831856 0.445876120141
0.590344938522 10.1706398008
10.375528805 -0.6022360429
0.0300382410972 -0.564980650483
10.1521556226 9.51290873081
10.3773100639 -0.147120254123
0.387250201793 10.6818478036
10.460757046 9.7625516316
9.85836643596 -0.00941524175496
9.5960844368 0.0831465374116
-0.164685950652 10.1552080443
9.75570345783 10.468638307
10.103020415 -0.474203162463
0.382196128485 0.524652205726
-0.0131722598139 0.606007966317
0.697951212106 0.355399613379
9.52635756123 9.61131384202
10.4337476001 10.114451622
0.496207933303 0.40900309939
-0.537291584716 -0.271274435826
9.44014552103 10.5716018034
-0.392024429308 9.61197786874
9.64145798935 9.46937108773
0.697109214632 10.4221274034
0.0446232818206 -0.53169531647
9.60687232208 -0.0634089895694
-0.0378789030969 10.2957373546
-0.217868062417 10.6579501789
0.299950983565 -0.537493374411
0.551804953075 0.0623210013939
0.563859186457 -0.138699381726
10.3006950982 9.2954706849
-0.0688002483445 9.50606162497
10.6658570758 9.6956460743
0.00951652524391 10.5657864017
0.06549522462 10.5912273589
9.36231207088 -0.0346510001919
-0.0825750890661 9.44231473986
0.115017764329 0.449534420848
9.87730675263 9.72157795902
-0.381867523151 -0.0639652358507
10.4673068425 10.5770203211
9.66151435268 10.6871143467
9.48280485728 0.411393631092
-0.634147200297 -0.364289367711
9.78806822489 9.34203851466
10.1541738988 10.0092416483
9.80879636381 9.78486396692
-0.243689664162 10.5553460461
9.77177776465 9.42411215587
0.477742851316 10.0951649854
10.0306358238 10.259729498
-0.16975460962 9.6105011057
10.0655324508 0.592309035226
-0.182461943281 10.5363625176
10.0619725779 0.0841100647592
0.293982108837 0.250463754676
0.0118348705819 9.62043681791
10.5232620903 -0.620875678741
0.653263228928 -0.239700920266
0.574092014423 0.224385114469
10.2524726058 0.144166536909
10.6238229968 0.621771572827
0.139203739609 9.7109882867
-0.26571462802 9.5986527938
9.57733789058 10.2575251359
10.6373579502 10.5280125158
10.4087042983 10.353800952
9.35840970541 -0.650082532318
0.00253021494403 10.6898192803
0.586266636361 10.1553157267
10.139240607 10.6759319994
9.82918075027 9.4431561637
0.0671332547816 0.118213254878
-0.669165657122 0.341100925564
10.0152218472 -0.182282816271
0.42602985239 -0.378903431126
-0.187139643246 10.0346993772
0.664979392249 0.446179237377
0.0489462712966 0.143146729763
9.82400457547 9.51327075698
9.88522518172 0.510378284883
0.245721761802 10.681351839
-0.340831547303 -0.581710275524
10.5789837392 9.8696811943
10.6698648728 10.1965745788
-0.34921553755 10.2472602119
10.5046733051 0.651461186959
10.0139164813 9.80665947366
10.0843319862 0.613097548897
9.83928636183 0.292867296348
0.0515312620156 0.0839621752192
9.65710893029 9.5921417241
9.70174449627 10.342841838
-0.466841739156 0.448635489171
0.0871234484757 10.3083745714
9.98213878329 0.446004955917
-0.436856768908 -0.244128540439
0.520141164609 -0.432912355255
0.527224204673 10.0874576608
9.5862022803 10.701483734
10.2428128047 -0.141485601646
9.6326944161 10.3971256467
9.41939116301 0.469302333482
9.88601851326 10.2956696192
9.33573307939 0.11213370529
9.76609681034 -0.101824652702
10.6532535532 9.77220474399
10.2895650484 -0.482432161709
9.91281400216 0.235858343164
0.695028979588 9.40306084886
9.63734573835 0.246019339357
-0.121436889104 -0.362347711861
10.1017081265 10.156030632
9.95042833731 9.50686403647
0.285992840588 -0.587523390236
9.48927802689 -0.551285713059
0.217919442977 10.5638913227
0.226024076937 0.142439510725
-0.317038465693 9.84170434607
10.3983248027 0.182134712167
-0.620145514271 9.47610783198
0.328714504732 -0.114240553737
-0.046693045387 9.50889386466
10.0639890496 -0.359901652089
10.1248924098 -0.351905603802
10.5897672267 9.65991654911
10.5782685486 0.508480706763
-0.107566953797 0.599924485035
0.0432528812577 -0.377425363972
-0.594809851352 0.0367961562842
10.3716325171 0.676572078906
9.50290488439 10.3150294442
10.4826988629 10.4453288229
-0.141970916628 9.34242448717
-0.384654783216 0.424609244679
9.91442908824 -0.276398303967
0.684063294634 10.4850350477
0.302322982977 -0.326388432591
-0.472294708286 0.581213517126
-0.454358595702 -0.395028310655
10.4020371161 0.438620932253
10.3343427819 0.276896847548
10.4863361424 -0.473116058173
9.48563060675 10.580504705
-0.235459637303 0.474089802926
9.68911801668 9.54111012826
9.50632364591 10.0843348282
0.593592757359 -0.550520568618
9.57406195709 9.66422230159
0.128933601578 -0.264559844316
9.3396104629 0.129165233202
-0.508693479619 0.210208455572
0.657882636049 9.71295517515
0.684772098803 10.2008057118
9.96471269775 0.388939593741
-0.505351323873 9.72101815003
-0.0786088612248 10.3216947115
-0.522704974334 0.0465515532085
0.0476994252237 10.2164476367
9.83267796175 0.452841154885
-0.388857621243 10.3297899357
10.45130509 9.85075208478
10.1584431168 -0.578940585546
9.67158516224 9.81677303349
9.4423545265 10.5159278208
10.2035838632 10.7020407391
-0.404902396114 10.4681643628
10.561301345 10.6300516384
9.33485716074 10.6657703292
10.5255528393 9.873313366
9.5291420257 -0.0807956329899
9.93549427667 0.46407136606
10.1591134567 -0.0854577155046
0.320418644431 9.48746414485
9.7265730827 -0.673893511109
9.44147550346 0.479875409752
0.38421801492 -0.0661374915508
10.0081496041 10.4500059204
-0.0636694175522 10.2089209003
0.098130400491 10.5057922417
9.48518556973 0.628384003037
10.0454134806 10.277194997
9.89395259112 10.4018003612
10.6466076675 10.2863088261
10.6708843517 0.454323741093
0.508822483383 9.92303911331
9.34708180582 9.65023688463
-0.353632635206 10.139299414
9.87423856455 -0.555031359965
-0.288406953 -0.217061304086
9.56606909993 -0.315467859416
9.80176102924 9.8310621665
-0.159186769729 10.0582351739
0.523185114518 9.72731008349
-0.523428360767 9.83726419792
0.517507149737 10.5356636314
-0.497262282361 0.146100883774
-0.106754935782 0.0109526041336
-0.486843022467 0.314317823661
10.3049099853 10.4686596479
9.39902633143 0.646935198546
10.4615937538 10.1421878
9.55105801856 9.90228097635
-0.416564826074 10.2865372893
0.158327574574 0.0913714005487
10.1290555626 9.99994795773
9.43900460722 9.45303443921
-0.0690715526543 -0.105883465437
10.2194286252 0.599308180059
-0.677356048232 -0.545405433332
-0.45187968475 10.1270646684
9.36196493262 -0.0971640723686
10.2200586703 10.3112508278
9.48255876782 9.3000282076
-0.539624398676 0.323604387857
-0.488424095919 0.196218367513
10.2110146116 0.319877261937
9.90563518652 9.37090062521
9.31255933224 0.584977487018
9.44904397951 9.71825257614
-0.252323039159 0.688748525314
9.67551715354 0.144525602193
0.698275705009 10.2792546575
-0.282229191848 9.30421761266
-0.41037652064 10.2191062368
-0.512696776943 9.51631619838
10.021413013 0.061300625304
10.6664729211 9.68708844379
10.0673705614 -0.595050627688
9.71773198204 9.8871793345
-0.471164832412 10.5890264108
0.48889683168 -0.577409181804
-0.664316760878 0.237293358086
-0.40249560939 0.594905769022
0.4647221524 9.79329156616
0.698379649052 10.5049246115
9.97758896648 -0.626744660476
0.43845527996 9.47387178811
9.59671372104 9.64286385123
9.92466260627 -0.415495502092
-0.632894260025 10.4377711445
9.7150973427 0.407401198692
10.5047401438 -0.469279910488
10.6474072493 -0.283491190852
-0.650194685965 9.75839310408
9.43510633544 10.0891358338
0.295376528925 10.062953792
9.79018575547 0.0295564785115
0.165901156049 10.1669111936
10.2686947482 9.68519421373
10.5636343551 -0.0767362611311
9.81746237323 9.8792633438
-0.217822762353 0.0387553916986
9.67468430224 10.2496237508
10.2280405113 0.356283137405
-0.0675359229563 -0.65508442874
9.91817442585 9.58186221526
-0.376389180073 -0.565619218851
-0.42293270825 9.38391098178
10.6326979939 0.430990617277
-0.500545691271 0.15103748843
-0.548511181318 -0.447886800363
10.4496022723 10.0531919165
-0.51381101117 0.4448829658
9.79692672974 0.462744381575
10.2771273697 -0.574768421781
10.2978535375 -0.330472705918
-0.160381203072 9.35715603786
10.2293663811 10.5688736994
9.6867028311 0.602418439994
0.215768458766 0.155231634572
10.3593126664 0.117454910932
10.0663998833 0.47556087708
9.69230348692 -0.221906942726
9.96779638164 10.0661107129
9.60074656436 -0.338199326796
0.00780086863504 10.0942844694
0.0730306627272 0.176296268154
-0.327220869271 9.78585924044
-0.511151445115 -0.527588402527
-0.0173001171066 -0.160966760136
9.91055955174 -0.0814300409651
10.2270029502 0.566706454982
0.635818957738 10.2825538034
0.120903919294 10.3400000521
-0.662935743179 0.368088763461
10.3902916872 0.372576770999
10.3723868377 9.9853051545
-0.0752501076402 10.4555219884
10.1692513873 9.89360166363
-0.362591368045 0.436171405135
9.35535788032 9.52181368695
-0.453290541088 10.0366227852
10.4699862075 10.4889312858
-0.0585323447976 10.1252197245
9.79005282288 0.450774305124
9.51908315918 10.1620960135
10.2977624137 9.92822626374
-0.623715161803 9.95978225462
10.473516799 9.42105957939
-0.564790080651 9.77375581029
10.3890350626 0.0353948015155
9.69915014321 -0.413556531508
10.0865379988 -0.296433376991
10.5093511078 10.1538413777
0.399181781949 -0.569952780205
-0.0768103054346 -0.07804838145
-0.115626027215 10.1992175358
0.336325948322 9.62422153716
9.46115397044 10.2436777824
-0.432802755335 9.80867599558
10.5685755108 9.71703871237
0.443759727634 -0.408210391371
9.33990621929 10.23660326
0.533172443194 9.36707030875
9.3443266329 10.5552411919
0.261800141407 9.96215332907
-0.159904374188 0.461156182068
10.1788596704 0.186507604907
10.2798986269 0.0696928202972
0.456673991406 9.65003172605
0.508475995071 9.60609889808
0.219513702857 9.56120381462
-0.0857407692511 0.622017412049
10.4937827768 -0.60941215758
9.41465862847 9.82361965534
0.24026303671 10.6688658697
-0.00165148093985 -0.300333477289
9.33699243057 9.40309756801
9.45144319728 10.2540434202
-0.275621520104 9.93473018219
0.488565646536 -0.707079175838
9.72164665526 9.7435788583
-0.597760308778 0.57286086649
10.4994066498 0.319271659427
10.6073856589 -0.240614525656
-0.54868437162 9.88862581632
9.71856086182 9.93987658938
10.6744862598 10.4819569588
10.4611731776 -0.351705718559
-0.491485225023 -0.146166534987
10.525799966 -0.695606356183
9.5597729391 10.5716810829
10.1829568632 0.640021225391
9.8090280043 10.2718994993
9.86252942066 9.34760621852
-0.3399525603 -0.58590295561
10.354814159 9.95846723143
0.0817718939272 0.414949362998
0.133085555246 0.124880967727
9.48330319776 -0.211641493841
10.5736860989 9.64291083841
-0.54678538291 -0.386487351687
10.1592726401 -0.266807189675
0.0765461047622 10.0765869364
9.37523122888 10.6596816832
-0.304330802114 0.64205235537
9.79691769967 0.247980674043
9.43954969892 -0.480520843885
0.489054687342 0.66657749725
0.310933849613 10.2931132258
10.5904708717 -0.227593884521
9.64116131231 0.281535017121
10.2393635718 9.97980268544
-0.429489033586 10.225409253
-0.666222206872 0.092437586606
-0.157649344532 9.40014095861
-0.445632735809 -0.000809930832935
9.42476688222 10.4214554457
9.86283919255 9.90017403733
10.2701237774 9.82361804083
0.429016754036 0.451234623557
0.199656500118 0.452652521525
0.483106469083 10.2792188478
-0.610371540894 -0.701923988966
9.93236225587 9.53521897151
9.99677815302 9.98783370175
-0.284158273861 10.3794833629
0.524362449592 10.258262128
10.3785400504 -0.176138765087
9.54859555099 10.3033480444
0.25018085848 9.61699361648
9.51596119011 10.2415984731
9.63724297431 10.6690196045
0.244042934911 -0.474968365476
9.49462253477 10.0662916914
-0.597416909561 0.00718709905909
10.5631580561 -0.545406471566
0.0127035066725 -0.00633169966076
0.0149481293009 10.2161787339
10.0693922379 9.6515861522
0.391884125608 -0.169789212496
9.95866694336 9.95763242927
0.505988851082 -0.26072771872
10.1709290979 10.6725444856
-0.578336922064 10.5856694349
10.1350382611 0.000589101915487
0.159222179052 0.49023713448
-0.0245972111161 0.56629940019
0.306045515081 -0.323086113794
-0.352120780765 9.50678191041
0.148074780803 10.6411087313
9.68359362929 -0.639786505685
0.683611411552 10.4005234554
-0.656503662061 9.49089451438
-0.351986675809 0.106516553818
0.370079777688 0.618896559021
0.521109630037 9.5863394207
0.528234340531 0.206201735089
10.4268608107 -0.376261663138
10.5332460576 -0.656046455342
0.534000714637 -0.0351937356009
0.281298431249 10.5560580103
10.2332833297 9.78970056576
10.0457549333 -0.443687752804
-0.448364575686 10.5027622292
10.6719443702 -0.27372486046
9.56890686094 0.343678576979
0.502097956891 9.35935651949
-0.404569386927 -0.0860210016542
0.580466921313 10.4094817963
0.117180108161 0.292913039003
10.0069179215 -0.502983497915
10.3913837549 9.40057120833
0.0959439628467 -0.568364675912
9.68339150144 -0.701376105447
-0.672098870117 9.91788151917
9.99283166508 10.6975651513
0.22769723182 -0.436951468394
9.99997190402 10.1271671544
-0.495969807364 10.1895284685
10.4476644035 9.59754109736
10.0826637725 9.49380095376
10.1982330376 9.93033262946
-0.369805968696 0.270044004188
0.51872691249 -0.257579180444
10.0318907594 10.1253828027
0.38797457378 -0.55013081415
0.507391508227 0.0311901291321
-0.499820383517 -0.179514518624
9.35845285544 9.40327687305
10.4792771939 10.1910867274
10.1689961016 0.552316037897
10.3490856292 9.4159027224
9.55346241461 0.153153955332
10.1238675688 9.46751193353
10.6821583328 9.79516256823
-0.0657311985597 9.93889334539
0.392075916144 0.617495693369
0.295085309142 0.645241307939
-0.526646374335 0.425659804223
9.53162168018 -0.141756107864
-0.481948291742 0.252156833421
0.42204890642 0.682266115391
-0.187481290393 0.458189857716
9.33061279884 9.79885572454
-0.578533023445 -0.0701420923673
0.52144738621 10.5236268182
9.54367358121 9.82475169717
0.597628902259 -0.645020778169
0.373256239054 -0.637266815473
-0.284594841892 10.10090875
0.693076775852 10.4850019702
-0.352303658267 10.0866450825
-0.503420045901 10.6565078327
9.92429282902 0.161826176599
-0.258857202594 9.60158488734
10.3145889329 10.5944660229
0.142225086583 -0.0931136611328
10.2692372259 0.505591848168
0.285253240387 10.5224306643
9.60939777482 -0.444980388859
-0.215102341339 9.83992153614
-0.53600438236 0.523609507829
-0.0097369749451 0.358043650695
9.62332773529 0.633002347703
9.49756184715 -0.67741630077
0.388676788156 9.81162166916
9.50071840503 9.64823213635
10.4014826591 9.31502578708
9.36062373561 0.32379227714
9.29786877582 9.7909974369
0.595924208726 -0.203973025038
10.0164768616 10.2523563562
10.2302740119 0.179545987367
9.79029950483 0.292180536665
-0.116985668268 0.166071451044
10.0572645813 10.5439493657
10.3197481519 0.0100719676784
9.36302111593 10.3000529621
-0.191413935761 -0.0518643656742
0.0745098509035 9.30370081885
0.494508664272 9.60668910449
10.4287089458 0.33088859821
10.2837659586 9.38697121644
10.6671862022 -0.237509775117
-0.488073815861 -0.694806444171
9.51690662802 9.64075870547
-0.280282849764 0.536223215995
0.462173301927 9.70446743103
9.8866765637 10.6692275631
9.89073204911 -0.667949010776
-0.312494595482 10.5592198617
0.244541352506 0.596349847592
-0.259378949595 10.6823877919
-0.0574630241404 9.91195169375
9.32531103281 -0.35669219413
10.4099567467 -0.20560339818
0.638589170253 9.907518987
10.6438581132 9.72263764927
10.2692079043 -0.651005241313
0.216536617833 -0.225207671847
0.703920684214 9.53295731746
10.5737188964 9.90972984737
0.559229380569 0.598290067768
10.3032942961 -0.226941486895
-0.428637735352 9.52072649073
-0.603191007473 -0.400713104414
10.258566561 9.95947628327
10.1315436165 10.3982389708
