-0.14156662503 9.59348298133
10.9995866206 10.5910535216
10.1187230373 11.1376525974
11.3287352332 11.0853561182
8.78800558021 10.2135105272
0.179819981066 11.0282894938
1.11788292447 11.3069081184
-1.24707914942 -1.23329862267
-0.557533338675 1.31532886215
0.182532841791 9.42535135106
11.065646475 0.694222648855
9.02409821709 -0.102246029505
-0.917320533575 0.208559077743
1.15401002662 10.4020563346
-0.242747254865 9.25928819452
-1.00120152676 10.1414943102
0.645187089331 10.7566109686
10.1109162973 11.1809285433
1.01176666837 -0.251369330589
10.840978253 10.9346655746
11.2570533638 9.63359580412
10.551798109 -0.810814422002
10.5145367537 -0.521214663334
9.09803531353 -0.325093789396
-0.9044057759 -0.346261173737
-1.2682870403 10.6067003361
0.0770055907042 10.3931163348
9.61725061685 -1.07152282806
9.70246073876 9.10767856684
-1.24644492411 10.5072293149
9.92474161018 -0.247803872199
8.80258162608 10.27887738
11.1415366657 8.98808500207
-1.12341500823 -0.722484087409
-0.567197738754 8.82730935629
-0.73471297891 9.7621951281
10.691207731 0.0473780491412
8.7962929056 10.6873510718
11.3387381156 11.2230454229
11.0435918685 9.28699600529
11.389455749 8.66952645216
10.3364105954 8.87713572359
9.79554866804 -0.719738906487
11.0299615325 9.76578491313
-0.151591828399 -1.08881684065
-0.376958131905 9.63990677976
1.17880731777 9.00335972744
-0.119134523298 9.03386354915
1.31352371365 0.694578888204
9.78805141858 -0.332560102152
8.75019195128 8.91513508029
10.930672905 10.2141972332
11.1990786804 8.70616254318
10.900284803 11.2140495959
1.06880961504 10.6819235553
0.836586784707 10.6232218492
1.31880835468 11.1656966057
8.88988223077 9.55730480017
0.467524105753 10.8365131367
0.778217240987 9.9595568028
-1.08704965842 0.991703124275
9.89716823835 10.3050072575
0.659628980018 -1.31216859781
-0.507800616308 0.341672834651
9.67745796955 -0.990459019887
10.5512944354 9.78610829255
0.325826561409 9.71477612057
1.02087700941 0.00564412821014
0.777126345136 -0.583326353263
0.0560789405548 9.09757706061
-0.319915259203 11.1487232978
0.417692015809 9.84222968691
0.887176310106 9.4724449459
0.789133728681 9.23205550461
0.324347785464 0.226537037147
8.93706138971 -0.194237358887
-0.728894145741 0.236213070781
10.1368673368 8.65551314649
-1.08404988988 -0.38973295429
0.00172156357649 11.103146679
1.05706033236 9.38558559611
1.25362628864 -0.692689168838
-0.331086351061 8.80916183005
-0.773942108444 0.0999461291758
-0.463566037685 0.933638739953
9.82268864744 9.0583082038
9.66464346506 11.0094347854
9.64364215895 -0.905738552461
-0.591981476629 10.9020123179
1.19535031208 -0.425035332019
0.435513927922 -0.10767715892
9.73546049278 1.2865433034
9.73242658547 0.421153560849
-1.40557260516 0.401296323181
1.21563096003 0.862067766102
-0.0467281650325 -0.477398736274
-0.827519989436 9.23768136636
-1.10713207768 1.1242697293
9.47542082544 8.79017711349
10.2724918615 -0.595439131821
