0.0939303816635 0.887076910308
1.22832116757 1.43455759492
1.37557046122 1.48784206451
0.40808579874 0.960806621336
1.01072593163 -0.300777465993
0.677644823892 0.0510858414206
0.380880009764 0.379345714397
-0.000385293336912 -0.190431682719
1.07867520922 0.634448992076
0.910317822919 0.456673063375
1.63729298 0.677944239011
0.953666136507 0.815537983665
0.334789517785 0.111570126957
1.04855145552 0.41002721888
1.02301410237 -0.671238195518
0.860225974352 -0.313669627159
0.165542452589 0.758201753746
0.71219746388 -0.57538588443
0.862770926192 1.54852977051
0.605205190145 1.58342680811
1.3106851121 0.776359083261
1.3589868472 -0.0641285513415
-0.355550375615 -0.651183589681
-0.493446599164 -0.620864452153
1.67445108575 -0.479913120086
0.596172668454 0.579205547677
0.850213723574 0.580789647033
0.391763517245 0.378437097782
1.55624632539 0.30320550771
0.894891213874 -0.687723045822
-0.101394486769 -0.454997769339
-0.570787291127 0.063897165816
-0.379297134971 0.863895668638
0.0828747717555 0.726391476688
0.908645769025 -0.177417114645
-0.153681517574 0.156221960264
0.333217942079 0.818947564443
-0.641514377691 1.1901364491
-0.0339530401033 0.193741097076
1.11255431516 1.08808806428
0.562236704032 0.155689561058
-0.609780959027 0.473378202492
1.45542973439 0.55654038854
1.16131384204 1.5270443066
-0.48446244682 0.85106127272
1.55857613326 -0.216092320558
1.06308215505 0.490544383418
0.0575938940712 0.245261429035
0.337856141102 1.67806891456
1.69502156432 0.613778756955
0.432474697478 0.228652550893
1.09494985499 1.5232383436
0.35349428283 0.450502265388
0.915543900113 -0.382370942147
1.03106553347 -0.594236530085
1.38657341852 -0.594663763706
-0.200320760241 1.14603446857
1.6163533615 0.203348479192
0.609255236801 -0.0740861408568
-0.344150899434 -0.0557927199986
0.321337887333 1.21358873165
0.513810665949 0.785951311086
1.03353585882 1.64276818313
-0.149279137268 1.55457220854
0.871166389549 0.114121974553
0.485884124572 1.37928083219
-0.152290730671 0.722264435348
0.108809737928 1.27014812239
0.669457464096 0.759122124569
0.34862090962 -0.0016225075482
0.579117777316 -0.314540606166
0.895261155275 0.657013626137
0.681005741337 0.369238414429
0.468171284571 0.36286021725
0.301613005228 1.50131009056
-0.678988858948 0.361699289628
-0.348296611966 1.37719621211
1.48720313397 0.685753982074
1.68984426153 0.375921222994
0.173866899463 0.691250375249
-0.508833059728 -0.310577875323
-0.0324773890984 0.0538553622636
1.69903297144 0.467838706719
0.65536712591 -0.047061465176
1.23099768764 1.34853166572
-0.285572733602 0.353962148694
1.19928251 0.532343218654
0.971531291574 0.540348811048
0.274565326949 0.580942222724
0.430130160518 -0.395714662427
0.515244090964 0.390511121662
-0.659241498712 -0.309287425111
0.411203466129 0.0807626291564
0.519045529149 0.666866844087
-0.340431087965 -0.346664422584
0.284145746323 0.787117826253
0.931815258823 0.390079256465
1.5608859006 1.57658084407
1.00482401017 -0.328404585982
0.316872414895 0.533780780543
-0.666895767525 -0.518215067682
0.0369748466326 0.540079756215
0.310934725263 0.531850892344
0.490238893426 1.58569679603
0.82174786954 -0.0731110992437
1.51471501577 -0.358048957607
-0.306154614873 0.0420025519797
0.548033469249 1.55702321444
-0.261373029539 0.311169576843
1.49793796636 0.445378440719
1.07569091346 0.527586590098
1.10099275112 1.54794906213
0.0578288653253 1.32342733088
0.359486627617 -0.227249831748
0.447278929842 0.634927653796
-0.404813177211 1.09708582287
1.27249539092 0.320981847165
0.398116295424 -0.527634079129
-0.576420278302 0.445867305308
0.382415696698 1.34698482025
1.62470843166 0.770322353192
1.11640157852 1.63152703043
-0.699030545882 0.00291901868869
0.231684114546 0.431109909481
0.875242809184 1.3272077034
-0.144106826165 1.42648908574
-0.0571850302998 0.0385936861837
1.30968654123 0.894921237225
0.498401180928 0.303877676116
0.685263446436 0.264189331706
1.25651432289 0.282432339925
0.706084896205 1.40101669501
1.02260314098 0.67599445693
0.844840997254 1.06867495925
0.287257160154 0.53634227966
0.546636665873 -0.108332459387
0.483685002355 0.365239080923
-0.614290637798 0.516201067431
0.362687940366 1.60790907316
0.367541801219 1.17302918425
0.729863023903 1.33527449263
1.5191704338 1.08594667202
1.40398389722 1.12172604306
1.29826666499 0.0950473836096
1.45468580037 1.48652772533
1.44647036516 0.413319883824
0.47376482833 0.510689478638
0.151571002419 1.6333018774
-0.149292843934 -0.604114614591
0.824212031098 1.58567748714
0.276738288121 0.104114717165
0.170813662185 1.28208934795
1.01981139491 1.18600348229
0.722393217569 0.45355856412
0.314922757307 -0.0657789688886
-0.270919026043 0.702805621527
0.647454760167 0.0187614138141
-0.525413379569 0.522745649196
0.798067401577 1.30916273921
-0.218175422275 0.653047453822
0.160151761216 0.296558578309
1.34219575858 0.665123202486
1.42027320161 0.918429082127
-0.486513975383 1.08472200863
0.93709579671 0.626957695538
0.400218003697 1.07744941013
1.49859011672 0.498064815418
0.04825756609 1.06797496484
0.413480379898 0.11677340031
0.491893651456 -0.0870545226911
-0.482777507377 0.364225132801
0.654873638409 0.327550995268
1.69471697132 -0.491415141471
0.790393278364 0.476451102908
-0.619577012735 -0.277417649324
1.67198197789 0.541255419733
0.601176442799 0.125888592342
-0.440815030415 -0.389252162826
-0.526776177253 0.68884054651
0.332294522855 -0.369847139717
1.02767693018 -0.323210001434
-0.0265238161047 0.933542984413
-0.14754643531 -0.15809101258
1.0229661365 0.540245596128
0.338590321769 0.115754328134
1.51728566067 1.42854711642
0.763480787948 -0.0641043262839
0.457721975372 0.916137881923
0.148372451723 1.39935427288
1.41934970629 1.10796002198
1.65120007022 1.46534748608
-0.591663546898 0.122695500674
0.483957058296 0.44272107598
0.0356618745922 0.519760105535
0.16408953438 0.964148811248
-0.489404435147 -0.526138445465
-0.390840454197 0.546578721268
-0.0911896323099 0.808806908847
0.852189900386 -0.47111006077
-0.387751424415 1.6039293974
0.522637826984 0.546945665798
-0.21723898226 1.18526463071
-0.176678775367 0.659231191102
-0.498966772521 0.143731449506
-0.585596742604 1.26263637398
1.18663629276 1.58629768811
0.333695783121 0.427090721934
-0.599793885211 0.468511610232
1.24320149135 -0.652398920885
-0.0268238077041 -0.318121318034
0.693671404675 0.305758571298
1.56791142942 1.62254396007
0.952721590552 0.898583301269
0.443928354542 0.0216448624804
1.48760444232 0.403097825497
1.31481462183 0.599807103024
0.273272156316 0.805611017806
0.0852029346057 1.6387229149
-0.528886553795 0.391398802032
-0.436480445284 0.392638510168
0.263598915591 1.54278375235
-0.133714969608 0.609938755984
0.353581058242 1.3268969347
0.810457265199 0.681757901098
0.45592704663 0.607971986193
1.60147181653 -0.41554540655
1.59375241625 0.130004022163
-0.357329153909 0.802464936581
0.426520461504 0.37391805125
-0.168296349643 0.521600169038
1.18561753544 0.321042351503
0.164761883128 0.755609581252
1.16808972235 0.314599748344
1.27729334489 0.407882128468
-0.151134247411 -0.52748436031
0.540972690434 0.393825197624
0.210018242724 1.51674408417
0.715064850606 0.423756018828
0.393726377695 1.64919886623
0.895400274116 -0.56209480851
1.02322599916 1.55592408211
0.950693590978 0.245938532359
0.676651765292 -0.340236706375
1.57351171923 0.465923747397
0.0577805994557 0.74801728097
0.76607770411 0.52408742869
-0.168140316704 1.3051118561
1.04185008413 0.0789985997673
0.438344582215 0.670729831394
0.319316805762 1.11150217645
0.581222717695 0.373736848249
-0.396668726224 0.950961834907
0.66351004676 0.565108157561
0.418108486207 0.738243028659
-0.559376245111 -0.193214193742
-0.368915455151 0.641336024637
1.21848995824 -0.387976491301
0.428897827158 -0.0789912551848
-0.401990889353 0.83592746472
1.11288553904 -0.598128338832
1.31218823581 0.0254723841677
0.223354603555 0.0559838785074
-0.151876384379 0.499611370489
0.268568234936 1.42415996914
-0.649618061563 0.307829076318
0.027975908425 0.453005354676
-0.126644014957 0.878470493818
0.609525581236 1.07331322614
-0.212396715247 0.880692424133
1.00555477404 -0.638289163901
-0.63322799312 -0.0831457291515
-0.241337668444 1.3046719633
-0.0392637320884 0.178641927919
0.532686416395 0.675250296209
1.6841763107 -0.014067296153
0.93476924269 1.3812778185
1.13946407525 -0.184759528981
0.369903609461 1.17380419019
0.404216100004 -0.406824143081
0.476828361458 -0.528837166492
0.0089744027706 1.21709119458
-0.226517168927 1.23263173049
0.963420604742 1.16990762923
1.29591904907 1.28571204895
0.655781900597 1.63133015982
-0.257053801702 -0.38529271136
0.557882854145 1.68003581675
0.0496062034282 -0.448542371193
1.14573684214 1.56206367585
0.475291748049 1.49908085148
-0.378518293681 -0.074985252836
-0.64908615506 -0.145428316621
1.26494153185 0.354703926624
1.35959851072 1.23588329284
0.369694439569 0.16992774143
1.33860754093 0.856827543826
-0.549574829103 -0.0100846893816
0.866900568759 -0.142954460375
0.711656478785 1.23793730927
0.694773967393 0.200305731001
0.189773550483 1.65814329176
0.609356989949 0.407773909037
1.56775412034 1.67507214325
0.241521261073 -0.606839611474
0.509102040886 -0.114223954145
0.656337993507 -0.694086560759
1.18077105359 1.66402356816
0.132699529606 1.20172446734
-0.515335129791 1.13362041496
-0.0779036190784 0.767742978057
0.6566939231 -0.425538395102
0.769727156617 0.584660919161
1.32995713173 1.60454969001
-0.428388932167 0.700406081257
-0.699498018604 -0.260820767027
-0.0370664349102 -0.202696903112
1.02199256411 0.276358965784
1.16397687934 0.0969875015245
0.197542367942 -0.242194077803
0.0793438311761 0.461712004741
1.59117677074 0.0760515727178
0.853736906371 1.07242749673
1.00097033141 -0.079517528057
0.474310603356 0.586495808565
1.66379310847 1.08409194924
-0.633859941609 0.69334000181
1.08459530266 0.333830846504
0.193593050303 -0.594047685678
1.31339132181 -0.0959636422219
0.325180101866 -0.136449831068
-0.310393143569 0.721425133959
0.610445267048 0.057016152294
0.469535453259 0.346337541835
0.399419278483 0.742270625659
0.191532374492 -0.625249122894
-0.362538733557 0.0132651003888
-0.303302486307 0.287953565155
0.0326863844596 0.402977072584
1.24531507065 0.534860575113
0.168833714782 0.349540144318
-0.286636428581 0.619770409641
0.691973568996 1.69145543176
-0.531882447237 0.404520071992
1.60832949377 1.52800073874
1.42125079649 -0.31963707515
0.268815047688 1.55511121305
0.139948372931 -0.14170851698
0.386769906837 1.40034675591
-0.690250339181 0.059515286463
1.66673420503 -0.480379588403
0.563504794964 0.473811766741
-0.602733225947 -0.356489160164
0.881467878422 0.209982070816
0.425892085486 0.151323981397
-0.052193244479 -0.155383568172
0.404192617329 1.06398752128
0.318472686481 0.308645329212
0.0596743243997 1.58436405006
-0.143077652603 0.805910408615
-0.22200937774 -0.437881433634
-0.566137126295 0.455993895189
0.456115580409 0.557879860847
0.409351465747 1.56579808022
0.11090284018 -0.0186691407482
1.0337678226 -0.0838499179746
0.347006186709 0.582322591485
1.56478708385 1.09930422769
1.53763963094 1.17427469079
-0.221306603802 -0.151261632435
1.62262522083 0.499886643399
0.678022439295 0.898226005247
1.69135703126 1.47197697551
-0.644562683201 1.2745523384
-0.317795196523 0.215061150783
-0.370995027086 -0.0890155565125
0.67790527433 1.53090392244
0.463925757349 1.45588657332
1.56889206843 0.589564895185
0.294568408894 0.366757594144
1.39470018107 0.846769619939
0.902182717632 -0.378066593254
1.07674413663 0.663535268035
0.444018608738 0.71346359938
0.239809668122 -0.230933977649
-0.298530581664 0.022719820879
-0.586725839567 1.64443953198
0.447294358664 0.274388073337
1.45083301947 1.67879707865
0.518013612692 1.52577042381
1.45870250975 0.601165205283
0.462940897378 0.674892016605
0.72095520741 0.881352437614
0.837360036267 0.322899784388
-0.331826501957 1.03026372521
0.116684723103 0.412254504954
0.529602178653 -0.302681995446
0.991727264513 0.199558127258
0.183908536825 0.287448097803
0.455741727286 -0.138895543928
-0.419309488367 0.220629659758
0.658412638983 -0.247773344204
1.00320271734 1.10669671933
1.63695027739 1.05707580212
1.65610742974 1.41743237601
-0.0654095569186 0.850024798202
-0.0126309698192 1.50543888548
0.639574451364 1.32558613341
0.439505488711 1.0604674154
-0.248275940861 0.367028129871
0.702045366883 0.917308823676
0.671917789589 -0.0483786754732
0.292130436664 1.30148652385
0.793693907596 -0.234528903312
0.122827037653 1.37775556413
1.3762130832 -0.354471139239
0.620606788786 1.47178969901
-0.421531288067 1.50572740799
-0.559057503281 1.48505759294
-0.175532733595 0.566158651152
0.649013548356 1.31751216127
1.43307441351 0.131551137362
1.52623432874 1.06015253344
1.13743328704 0.103709296028
0.681495864084 -0.0650360655448
1.68097696794 1.64605238196
0.788499693211 0.575857804949
0.602222495183 1.10325600158
0.325017372107 0.390737158744
-0.119394393344 0.423600406167
1.2695493074 -0.597243920235
0.609007554745 0.684304180156
0.572047287219 -0.355836106869
0.0278489573741 -0.183267521358
0.987528524705 0.5287456792
-0.127354102122 0.487876902911
0.659445292455 0.564027317952
0.824031686658 1.20375539306
-0.491818390122 -0.436642055147
1.00240273429 0.160953514201
0.490670747204 1.48656618892
-0.568839373348 0.956970584974
0.765549523209 -0.139328052942
-0.32162471228 0.512801552033
0.309641190467 -0.185651473571
0.395498171206 0.952734726603
1.12502882823 -0.189317924707
-0.296686994373 1.2038372959
0.100864163867 0.379459068804
0.151881445321 -0.293901536752
-0.661331885319 0.384246165507
-0.138911511431 0.240301879519
0.975398605198 0.872499608062
1.09046653486 1.10893886198
0.399770697692 0.971312150754
0.554752213684 0.657665009029
0.266075886387 -0.0562051024746
0.854567682356 -0.408574139832
-0.649209971932 0.308837618744
0.361793377573 -0.447327352252
-0.698676904011 0.479332104204
1.38818222909 0.38743663337
0.389642900067 1.41906317885
0.428886952224 0.17225518907
-0.311982922172 1.50268604805
0.898883830657 -0.00580495741565
-0.318367195181 -0.539827835708
-0.367081370847 0.564980062936
-0.628075935291 0.692595456775
-0.0366352189844 0.537928784774
0.388730802999 -0.157908022104
-0.252612761277 0.711196193619
0.146132526787 -0.601715636454
0.684857803733 0.356435795426
-0.242342400756 0.495841241281
0.179874693865 1.24752110788
1.5625197896 0.562396799622
1.64079079589 1.14555122942
0.689650772314 -0.660497024128
0.733636476165 0.492168767306
0.345382620233 0.447462897853
0.357204072381 0.242286004273
0.375914557505 -0.481529052233
0.684555846786 0.901591902268
-0.253936532532 -0.308608207951
-0.631670913772 0.00416958474556
-0.00161715618201 0.385735469652
-0.236672477806 0.684317340391
-0.0105023783514 0.640376827329
0.516106765339 1.04575888562
0.79078821015 0.896554876288
0.301190567293 0.901875438194
0.0780764778727 0.531078217755
-0.155906972509 0.666008149614
0.339291399088 1.62890550684
0.461153069166 0.502153309577
0.297472578701 0.58558326461
1.06388647622 0.560894776228
1.36432603626 -0.528760592762
0.312466165482 0.986096044098
0.444151774393 0.618954691983
0.640329558244 0.534401929154
1.68575966934 1.26269778215
-0.659353356794 0.394363294585
0.501547404834 0.697622510377
-0.382444281154 -0.0320929846943
0.806162618212 1.2915779663
0.674215123451 -0.0155008518514
0.42069936213 0.602333521398
0.259708255955 1.51869015974
1.13654003773 0.813215374023
1.04973026618 0.417187342103
0.144391595184 -0.0718387289866
0.975893511385 0.694710820197
0.356917838728 0.164377771015
-0.158674596358 0.396480361083
1.23489950313 -0.429765414695
0.234448988257 -0.299824633412
-0.155865024413 0.478642988208
1.0232387525 0.65720910185
-0.290773782574 0.204608780604
1.08922484275 -0.319778076677
-0.352381216021 -0.379450407008
1.57119672905 1.34375592698
1.10890489312 0.662628039207
-0.123688413483 1.35106943155
-0.562823498155 -0.59501050977
0.359355407679 -0.631693640536
-0.404167349458 0.477866059538
0.45561383012 -0.639670211679
0.478510772855 0.551393529578
0.226783626223 0.704843887351
0.548824068662 -0.352632490227
1.4813346549 -0.69446495415
-0.606822929229 1.10423028923
0.67922313687 1.31801058142
-0.00608474451349 0.401248877536
-0.320586671904 0.748617653087
-0.371997163046 -0.678471756273
0.587554721481 0.361202591113
-0.477358268083 -0.637710776819
0.0524679519101 0.866890604269
1.18071648216 1.13432143692
1.21276512297 0.267332340289
0.6849081652 -0.221091668515
-0.28787069477 0.696451462554
-0.347249417397 1.32337870025
-0.0123183066037 -0.42056414298
1.26934723933 1.23518092361
0.328176152672 0.741661762994
0.00302919568398 0.892946471244
-0.25212948564 -0.276144903295
-0.664139823602 1.04441192568
0.904494928018 0.120463966408
-0.248432260683 -0.622934789666
0.583963894608 1.5442636086
0.147295310532 0.64405166798
0.467480649908 0.777946497018
0.976577817673 1.57396239063
0.663975805766 0.028619727089
0.617157697817 1.26632024086
-0.606538208364 1.18462712887
0.606462287158 0.540829716715
0.97820160967 0.41201522309
1.43547818652 0.68072038265
1.40280746421 0.610491099094
-0.703510692895 1.64780379881
0.488116109932 0.600538508767
0.839660259511 0.00355861257665
0.602365936454 0.08436502688
0.118161798623 1.38508565431
0.0779148532957 -0.331355278901
0.709970075742 0.918262734144
-0.0637012804036 1.0659317332
0.219392135158 1.66374751548
-0.462079736775 -0.598979251093
-0.641998365652 1.38653560216
0.117149180229 0.738882271779
0.300321931235 0.24399920123
-0.238424329337 -0.180807402602
0.571715290381 0.36596356446
0.299006274014 -0.450355661918
0.722017102401 -0.666158681767
1.01779114848 0.474830920137
0.239492976071 -0.0649403901939
-0.653883354963 -0.643914109679
1.0061649883 0.79684191304
-0.216113281396 0.0162607774728
1.34866124581 0.74668024508
1.62185167754 0.785401948142
1.57194283555 0.382987663523
-0.570623858464 1.23870282601
1.6153613996 -0.538638052469
0.870108553085 0.886626223548
0.770554988368 1.18015453942
0.477960019548 -0.0890923987302
-0.0479813566104 -0.0684406806586
0.106244350169 0.171134437401
-0.696429357553 0.170081903292
0.335276868779 -0.53004669167
-0.615435142505 -0.0443328954858
-0.607039551653 1.37841270199
-0.00858445027957 -0.0510885997412
-0.0383320244647 -0.517370343961
1.30237265369 -0.0236768722456
-0.467882199731 1.48086067551
-0.237477057065 -0.202241299014
-0.160410829849 1.16717157547
0.415805358129 1.3353997326
1.01121214448 1.29914769138
0.653158228356 -0.391658416854
1.07647812298 1.15924266756
-0.186379061311 1.33821939099
-0.0134174571451 1.67672376122
-0.482785282972 0.420812273499
0.0218622165036 0.450423351833
0.334038982937 0.0450070931051
0.671619585038 1.00929337414
0.884836633207 0.368098895604
1.47710967739 0.384561038054
0.418843155357 0.0775932620611
0.327973737642 0.516947038587
-0.653188211275 -0.094811736003
0.63989041472 -0.148039588678
0.407527165233 0.694849113739
0.342840830218 0.999738348043
1.37802800159 -0.452273976324
-0.136684454355 0.366905128308
0.621495252188 -0.160516007868
-0.581395914762 -0.359984991905
-0.00515426356687 0.240757815714
0.112164455461 1.15509617929
-0.315120526618 0.65215572424
1.29752927145 -0.225459018044
0.703283792383 -0.190596772142
0.651562490716 1.24922556988
1.21033834492 -0.486491786021
-0.0737962708502 0.568066268554
-0.135564419787 -0.0339207534899
0.574477346749 0.0634642698287
0.380700484766 1.21168838583
-0.450824310341 -0.523584875115
-0.181888690545 0.426181302886
-0.213340233151 0.812883561634
0.769150617518 0.397667546518
1.12871617733 0.280504988539
1.34572066948 -0.435361876099
0.753734681177 0.420118997884
-0.615408949656 0.801657106392
-0.531742675151 0.0718831091331
0.836426946358 -0.0861316383008
-0.537913087165 -0.192059920677
-0.412973347758 0.431395487704
0.987327337547 0.632594698874
1.64616937206 1.64492538111
1.54368922997 1.22232968027
1.50325053216 1.10146556856
-0.556694047617 0.359804357434
0.44982789519 1.22093430588
0.580247894751 0.414576226541
-0.436349945094 -0.673850124808
-0.495557199765 1.20151245923
0.54401502032 0.505640949097
1.30263188641 0.135155559228
-0.424119431923 0.930542314628
-0.393666744414 0.96020415157
0.484578508391 0.624015138443
0.470624160268 0.349462653138
0.649859235967 1.28954207306
0.740006062176 -0.127034673672
0.478351162823 1.33832429232
0.412868199147 0.987827977412
-0.0656955080818 -0.17299831859
0.308401866302 -0.474315078928
0.647768581505 0.590320544693
0.534845098265 0.773359689155
-0.302871205265 1.56295986324
-0.400003595604 1.06757506805
0.882145415315 0.932054005707
1.24451048944 1.30165828685
0.69528026084 0.653460663756
0.0954372499929 -0.623311576428
0.445755178915 1.1730349554
0.414461216426 0.703561093984
0.500578041385 1.54270388295
0.582652182256 0.410532860319
1.4509779057 -0.0952418499753
1.10432078849 -0.24799599966
0.691711768092 0.432034047589
0.681044207745 -0.426505798006
-0.33964782701 0.392204758937
1.2892996034 1.59019417333
0.479018496769 0.0310753202646
0.613851723229 0.439558322229
-0.194110157978 0.146125487991
0.632328288615 0.343726390794
1.24206533461 -0.00849563397283
0.583722397041 0.318081072791
-0.0398671604645 0.11132975255
1.31259490516 0.364620299147
1.054365944 0.99026333098
0.85149298678 0.556141576693
-0.106607600466 0.777705865292
-0.0390576598128 1.43642739605
-0.618688947865 0.606120717183
1.15086704854 0.631449013428
0.621826471513 0.644918761741
0.628715568848 1.66145687604
0.591149621797 0.356897114715
1.46080319491 0.443788094936
1.6168740569 -0.445375542236
0.333983287672 -0.462983883362
0.931814883453 0.0311990676748
-0.122010857874 0.129227569118
1.29070566362 -0.0314290473266
-0.663054558124 1.6849354465
-0.55591510758 0.549290528056
1.44255794995 0.16385113802
1.00405400484 -0.482860452993
0.312799429732 0.114912156003
1.5388717675 0.306722545649
0.436227667367 1.27473034132
-0.52428974245 -0.27528825381
-0.343678931934 -0.204902959392
1.09032427328 0.367246123221
0.889858772595 1.5214178674
-0.477386097986 -0.706872526976
0.862896477364 1.38712168162
0.561779371246 0.752202408084
0.307539368022 1.02016578551
0.711156584714 -0.364887141807
0.349646280555 0.123356540126
-0.235696698178 0.760437395788
-0.355530742733 1.07792436115
0.417039246417 0.32499230898
0.615249007286 -0.0458255059122
0.833258436639 0.315659755464
0.317481401799 1.26177705208
-0.0608173436748 -0.150752302641
0.992361641994 0.422975035275
0.799049061171 0.886520977481
0.900772672305 0.506908575533
1.36879779749 1.00343212465
-0.612185863819 -0.53321578539
1.22762772472 -0.307207447419
1.27253137025 1.40407241506
-0.408659418342 0.6217007034
0.924422397523 0.644429117366
0.605395322054 0.409776933887
-0.146777879479 0.669146262113
0.513129501781 1.68029365007
0.984491420603 -0.0672766989134
0.185097762806 0.713956509131
0.338812795291 0.578362857664
1.52270299668 1.60882287053
0.670904444555 1.22567294951
1.44000532001 0.179409824178
-0.13551777086 0.63409387795
1.70238885515 1.61591592141
0.249629648313 0.492770846889
1.23775682792 1.36359358005
1.16566755574 -0.219223633811
-0.316371769085 1.45108981006
0.347871738414 -0.417055285942
1.39025044996 1.10422274852
-0.300475102822 0.744456794253
1.37520752967 1.11199680408
1.01392195002 1.65473904835
0.465054005661 1.59760930908
0.44921483172 0.443278476466
0.679264746768 -0.630906271628
0.510479397033 0.618010881818
1.54822879767 0.139976607447
1.43527199416 1.39011262092
0.986310835792 1.49927389537
-0.704542890556 0.00357028759821
-0.4011044328 1.6807724822
1.14123793231 1.66908552042
0.350527216348 -0.267487159104
-0.206442824088 0.446828534369
1.25689326249 1.34244857228
-0.687341778547 -0.303185556349
0.417413816589 0.771239791024
0.303008514243 0.341496210596
-0.275306903957 -0.477276779827
0.483435515494 0.53361700653
-0.283283738199 -0.0758515880395
0.313207373096 -0.48243076629
1.46612784218 0.519628692092
0.98994907299 0.62222054132
-0.455592506017 0.076718130583
-0.447327565137 -0.0477498730571
0.345582577885 0.693212843244
0.267632448806 0.554626970107
1.09006936017 0.912702325483
-0.475137930361 -0.467048910675
1.47264904833 -0.141931560135
-0.0959627429677 -0.473838034369
-0.344853034954 0.22243885753
-0.52515187629 1.23576989902
1.05397681698 1.04788552692
0.553668209683 0.321934767514
1.47136578928 -0.430413539916
1.33200781984 -0.668750958051
-0.541755699448 0.756193308903
-0.424386598638 1.27901319924
0.42037335653 -0.678550411688
0.681233262654 1.39030520535
0.537616610781 0.524022251909
1.11493773447 1.30093254373
0.860266744108 0.697938800253
0.659674964614 0.423468176594
-0.369567482336 -0.632317429575
-0.637073208899 0.408328886287
0.195204342355 1.12295448412
1.07703365787 1.33867508299
0.600927664792 0.114267195656
0.333380503634 -0.0785327180094
1.56508485613 0.555485001656
0.377224440131 0.339330924834
0.706413225065 0.0688798860152
0.539130737638 -0.0867049327215
-0.0488886834946 0.948752200424
-0.512547324499 -0.320049590572
1.55988291953 0.382980834847
-0.136179450752 -0.430057286911
0.439989342585 1.20222213109
0.483377661192 0.46267309401
1.47241067256 -0.538933049367
-0.192001510111 1.35250221439
1.23776874829 1.10579511058
0.867572080737 0.972591457071
-0.1758958468 -0.498445748772
1.05026998501 -0.617980264311
-0.360333342336 0.406162687251
-0.429907291925 0.59744823671
0.236010907368 0.598582194998
-0.521691784344 1.01342240207
0.587932476445 0.402441542668
-0.133699160306 0.758333788299
1.70169036757 1.67660427662
0.0370801047287 -0.291353630734
0.6847992414 0.517640040999
1.13241512292 0.154866700267
0.273082346214 0.461920199294
0.661625821083 1.11061431902
0.72139646959 0.326808918996
0.157097983961 0.217276991537
0.693594083453 0.158814065661
0.164122752211 0.370035016137
1.66074890935 -0.457407212655
0.42779373836 -0.311072943573
0.262352477822 0.0701849900233
0.0830504273848 0.798435115873
1.68741406535 -0.70096609065
1.3701395481 -0.259867341303
-0.403024780197 -0.527869801415
0.685949247972 0.337470791403
0.111382234045 0.449344096009
0.854450649047 1.08706264051
-0.652079358368 0.678834347767
1.12058796944 -0.474728115146
0.778111464011 0.841009257339
-0.575095765694 0.59440686943
-0.547325680893 1.05011816089
1.48671486954 0.77296370977
0.395144684876 0.729258675231
1.3405300167 0.650016873955
1.35135919432 -0.669889882308
0.281049030135 0.233121075369
1.22234167068 0.940253112859
-0.615743393172 -0.685874581065
0.448377027886 -0.342015254117
0.56535836012 0.299484551538
0.359163205749 1.49559309579
1.0558363996 -0.443231684225
0.735160687482 0.0680252418117
1.16491445258 0.385128859909
0.34037523833 0.510525136593
0.0131737265232 1.57045942496
-0.316755431396 0.101389966956
0.0142440355839 0.488164269275
0.409491069408 1.03374125619
-0.65810311895 0.404717630899
-0.566903801438 0.659823970755
-0.365772017842 -0.436321366308
1.2061316815 1.44064735894
-0.306051669558 0.600789033193
0.339549241202 1.28280423929
-0.480462628291 1.2039096548
0.441228917281 0.369713852099
1.45967202312 -0.288268418759
0.330280686356 0.604475205306
-0.695929349133 -0.0945273088845
1.16478814787 0.595537480158
0.861039030622 0.745132275297
-0.641798232815 0.684447889253
0.644445954819 0.798364335397
0.537123724847 1.28605780435
1.37520800261 0.0107177778512
0.647479991497 0.331748250573
0.569970785728 0.388395461044
0.236924904246 0.305063470358
-0.270549233565 0.389139658893
0.466750208673 -0.154142714836
-0.57899263775 -0.46073351484
0.80841661837 0.770488490354
1.12072618275 0.013494134216
0.479979030303 0.00369486575254
1.3934866407 0.308004283859
-0.462307752008 0.013210905091
0.975458735152 0.968654311362
0.401137706976 1.20933114291
0.241037057441 1.28364905862
0.741544817446 -0.314933875752
1.27670199258 0.790699418486
0.464870251199 -0.233463135178
0.0734588470461 1.31375440893
0.915644714655 1.58215305334
0.705510408439 0.645184262421
-0.635101719105 0.536846432977
-0.500337303254 0.130455993715
0.224482322038 1.42833961834
1.44281411629 1.13394605409
0.151980346294 0.00990898215883
0.523551502578 -0.625744924808
1.13424000607 0.4942949673
0.0110421299218 0.0356926810173
0.912549683356 -0.141160658675
0.366757187899 0.209909440529
1.59139023493 -0.0379887337689
0.606598987754 -0.272115367378
0.0553910136306 -0.0270531653721
0.0508033101342 0.617533112531
0.351828592783 0.647011006237
0.914741287979 1.30412618219
1.35080159147 1.07266720577
-0.0367635407801 -0.55876486652
1.06754637085 1.61253578736
1.17101816858 0.724322582848
0.919476712558 0.975966632508
0.371650051976 0.99481446657
1.44921744461 1.29226835143
1.13612868587 -0.688061054482
0.479738512802 0.0695198088322
1.06011203083 1.70629271432
-0.308474571589 0.823441433357
0.85291050036 -0.585097460059
1.00903642039 1.18405168459
0.304296282085 1.30547335603
-0.116765227134 0.0619108844618
0.172695409189 0.0857081496211
-0.129315994531 1.55090156885
1.37010914524 -0.370049692576
-0.0724894349492 -0.222546459263
1.10128897988 -0.038403810455
0.594754777783 -0.305789966859
1.44226186519 -0.350753967834
0.627767477392 -0.442271214712
0.914482554254 1.47679579232
0.667787409861 -0.508549849083
0.428916488149 0.537081007351
1.23454565742 0.0641427461271
0.418210843562 0.620642316644
0.286775014871 1.14507243547
0.34055344365 1.67828175048
0.445540085965 -0.500463604263
0.848876924475 0.596840264412
0.651737436111 1.35320374159
0.438789955038 0.859575112767
0.851368423644 0.342917384351
-0.603334561266 -0.194326976671
1.02478469769 0.437609936596
1.20695197562 0.313963784625
0.399479616328 1.70153615533
0.304670120656 0.554225370494
0.458194213185 0.395625223298
0.0244650922913 -0.168122738525
0.143198373607 -0.0671495707582
1.1002089538 -0.565392580393
1.5459633235 -0.694537399361
0.49735042171 -0.596180064628
1.04638191528 0.552509421124
1.31914755726 1.61237943807
1.22676690232 -0.630295818518
1.29104781115 0.883462457947
0.796904638074 -0.0660770058801
1.32651966492 0.909560416427
0.677276727948 0.435750527556
1.68449208347 0.121942739097
0.530601649145 1.56843826844
1.69960789226 -0.22511910695
0.19778550161 0.42727072874
0.478759831646 0.656339955284
0.411289751813 0.340190640327
1.14607627489 1.69611970928
-0.356027212708 1.26535653576
-0.0743077939454 0.594158661662
1.59406392852 0.500810384834
0.442333157959 0.507298658647
1.22778812939 0.503749395592
